"[ 0.01355511 -0.17067264 -0.13462628 ...,  0.20989302  0.32429817
  0.1180597 ]","[-0.03509082 -0.29997915 -0.28638908 ..., -0.11998942  0.25318891
 -0.2784318 ]","[-0.13012606 -0.05547588  0.23091882 ...,  0.14048252 -0.04283953
  0.02076411]","[-0.25706324 -0.17451718 -0.30111167 ..., -0.18949305 -0.08196117
 -0.09993964]","[ 0.27113011 -0.30477738  0.2783722  ..., -0.02289872  0.26832867
 -0.33419266]","[-0.11197995 -0.16752847  0.29881686 ...,  0.32528165  0.00365421
  0.20139925]","[-0.31252611 -0.1004016   0.30018777 ...,  0.07258822  0.12768224
  0.3180694 ]","[-0.07647748  0.09180351  0.32435778 ...,  0.15764886  0.33437148
 -0.03967672]"
-0.309963,0.0744658,0.339796,-0.241692,-0.0306735,0.184307,-0.0571001,0.250507,-0.338246,0.334819,0.180522,-0.116383,-0.327457,-0.308652,-0.202874,0.278849,0.103836,-0.236417,0.0910286,0.211547,-0.27864,-0.219326,0.188241,0.0728192,-0.0940462,-0.289936,0.135058,0.303079,0.11543,0.320424,-0.26508,0.0337087,0.235464,-0.274319,0.00374175,-0.290353,-0.188986,0.26815,0.0639007,0.143284,-0.122493,-0.179911,-0.149021,0.212233,0.123208,0.263292,-0.248935,0.156591,-0.0635878,0.212456,-0.348736,-0.303406,-0.231411,0.212873,-0.250715,0.292618,0.122053,0.222678,0.053535,0.124624,-0.0963037,-0.34373,-0.286598,0.0564631,0.0444526,0.0456969,-0.150496,-0.245001,-0.0172753,-0.012471,-0.0505584,-0.110162,-0.23907,-0.0235823,-0.226761,0.110542,0.0614476,0.140334,0.176067,0.283826,0.350733,-0.237773,-0.318665,-0.128785,-0.0503088,0.0983154,-0.169853,-0.0711279,0.255096,0.315,-0.256348,-0.344028,0.0143188,-0.122299,-0.267464,-0.286538,0.0534418,-0.0623789,-0.0306381,-0.186558,-0.325282,-0.222678,0.0061978,0.213723,-0.306893,-0.00580384,-0.229146,-0.00700247,0.00746907,0.124825,0.326325,0.336249,0.189597,-0.186528,0.0458123,0.0868339,0.235032,0.0519033,0.249292,0.0661359,-0.256437,-0.28779,-0.273753,0.263411,0.184367,-0.219206,-0.147069,-0.253219,-0.217046,-0.166515,0.0277882,0.0535983,-0.198106,0.157396,0.0757249,0.0860292,0.127489,0.124668,-0.0506888,0.0491838,0.229891,-0.0645191,-0.0913267,0.158677,0.288505,-0.0228596,-0.341166,0.308056,0.0670449,-0.312586,-0.11987,-0.0177224,0.0229546,0.256527,0.151867,-0.348289,-0.34057,-0.352968,0.227268,0.205646,-0.285137,0.301767,-0.321765,-0.253457,0.108173,-0.330736,0.123372,0.0293529,0.131825,-0.182519,0.256348,0.128472,0.294644,-0.0687586,0.0867296,0.284214,-0.0908647,0.308592,0.263024,-0.186498,0.00191407,-0.177006,0.300903,-0.132898,-0.0733184,-0.208805,0.235166,-0.263024,0.112934,-0.0571895,-0.257898,0.00470673,-0.18687,-0.218208,0.0628353,0.0543843,-0.348677,-0.31795,0.311751,-0.267375,0.151256,-0.351925,-0.19222,-0.231142,-0.149408,-0.250067,-0.328053,-0.0649811,-0.0908647,0.163982,0.0157423,-0.271816,0.326653,-0.269759,0.330885,0.199998,-0.314106,-0.0858951,0.0954394,0.189374,0.134835,0.126654,0.213931,0.176454,0.0987028,0.0438752,0.134507,0.181133,-0.195781,-0.1817,-0.221188,-0.0572044,-0.338872,0.00969845,0.0202612,0.228713,-0.0843007,0.0218128,-0.294972,-0.238831,0.144431,0.290085,-0.294972,-0.00877457,-0.227462,0.150794,0.100297,0.101407,0.303347,-0.0628204,-0.22776,-0.213007,0.00977482,-0.114714,-0.12649,-0.205244,-0.285167,0.293005,-0.0133269,-0.23232,0.249262,-0.304867,0.21873,-0.0356869,-0.257093,-0.132689,-0.0410514,0.156755,0.334044,0.0277771,0.0192144,0.151852,-0.0239623,0.0670151,-0.222872,0.30439,-0.258911,0.137919,0.125041,0.265885,-0.118656,-0.271607,0.0800463,0.34212,-0.078206,-0.298221,0.0614662,0.183592,0.02402,-0.344922,-0.0283396,0.265766,-0.0809181,0.299502,0.266123,0.227387,0.119811,-0.169138,-0.090902,0.0136082,0.316609,-0.0162062,0.203187,-0.338425,-0.257331,-0.161553,-0.290263,-0.144327,0.251222,-0.196586,-0.0710087,0.265944,0.174994,0.0387491,-0.294823,0.313182,-0.156025,-0.182802,-0.100335,-0.325103,-0.0576701,0.0559602,0.167841,-0.170494,-0.0242194,-0.310857,0.129187,0.238429,-0.255335,-0.283737,-0.166724,0.252027,-0.135446,0.2984,-0.137726,-0.0946795,0.177348,-0.229458,0.165561,0.3316,0.0916694,-0.24743,0.019816,0.0704722,-0.141079,-0.0418784,-0.00360205,-0.15376,0.136325,-0.276644,-0.179509,-0.313659,-0.000891957,0.114722,-0.353207,0.123916,0.249933,0.210683,0.33163,0.0169866,-0.17933,-0.251192,0.209059,-0.144074,0.072998,0.0669331,0.321199,0.23144,0.246357,0.130573,0.288147,0.0621293,0.23521,-0.145147,-0.200982,-0.102167,-0.0235078,0.243913,-0.197376,0.327785,-0.0266762,-0.0587877,0.229026,0.165725,0.0112622,-0.094456,-0.116756,-0.0132254,-0.15972,-0.011969,0.0727074,-0.215317,-0.0358098,-0.16802,-0.0917961,0.347127,-0.180001,0.0729235,0.231381,0.200803
"[ 0.02871956  0.0342638  -0.02125957 ..., -0.00296339  0.04292894
  0.0007554 ]","[-0.03924458  0.02693885 -0.01268431 ..., -0.04975748  0.03966554
  0.00681853]","[ 0.04026905  0.00749142 -0.04060805 ...,  0.01763482 -0.04728386
  0.00180778]","[-0.01221585 -0.04290659  0.00202717 ...,  0.01567157  0.03768366
  0.01501265]","[ 0.04921358 -0.01460658  0.03717329 ...,  0.02185749  0.00416656
  0.03792581]","[-0.0340291  -0.02014942 -0.00760179 ...,  0.01033083 -0.01909888
  0.02133036]","[-0.00328959  0.04948181  0.04402791 ...,  0.00544621  0.04704916
  0.0030372 ]","[-0.04294756 -0.0173964  -0.02231012 ...,  0.0016264   0.01145402
  0.02694817]","[-0.00044307  0.01375721 -0.04237014 ..., -0.01464105  0.04101784
  0.02403681]","[-0.00564505 -0.03362304 -0.00796338 ...,  0.04539884  0.01685809
  0.00589372]","[ 0.01098835  0.02949257  0.01510299 ...,  0.02522147  0.02277579
  0.00372895]","[ 0.03650273  0.00482687  0.00366701 ...,  0.01922926 -0.02175505
  0.03135431]","[-0.04878144  0.02867672 -0.00189172 ..., -0.02870653  0.01736101
  0.01959435]","[-0.01139907  0.03736701 -0.03072193 ...,  0.00416516 -0.03828717
 -0.04206838]","[ 0.02087959 -0.02993961 -0.02107889 ...,  0.044203    0.04075706
 -0.02750138]","[ 0.01321424  0.03014264 -0.01937083 ..., -0.03800777 -0.00061651
 -0.01975826]","[-0.0420423  -0.04076079 -0.02689974 ...,  0.02362144  0.04038453
 -0.02505197]","[ 0.03088212 -0.00424106  0.02135829 ...,  0.0320286  -0.03955751
  0.03190939]","[-0.0003268   0.012268   -0.03110378 ...,  0.01335487  0.04327912
 -0.0155314 ]","[ 0.00397377 -0.02032265 -0.02701336 ...,  0.04261228  0.03526219
 -0.00069283]","[  2.55194977e-02  -2.46161055e-02   2.99563780e-02 ...,   6.87700503e-06
   1.77558940e-02  -4.10183007e-03]","[-0.04808853 -0.03622333 -0.03016872 ..., -0.01958317  0.04689642
  0.00140998]","[ 0.04544727 -0.04041061 -0.03857029 ..., -0.03358579  0.0336454
 -0.01248966]","[ 0.02975893  0.0389093   0.00945444 ..., -0.03926693  0.00740481
  0.02873633]","[ 0.04566333  0.03475555 -0.00431604 ...,  0.03119133 -0.04378577
  0.04903104]","[ 0.02800616  0.02484707 -0.04555158 ...,  0.03139529  0.04156174
  0.01837802]","[-0.00138751 -0.0449667   0.0485691  ..., -0.03745642  0.0278646
 -0.03430478]","[-0.00441755 -0.02411877  0.03045557 ..., -0.02540774  0.0263577
 -0.01297023]","[ 0.04450848  0.03746014  0.0077969  ...,  0.024916   -0.03697585
  0.02089635]","[ 0.02833772  0.0392334  -0.03363794 ...,  0.00532654 -0.02357487
  0.04760424]","[-0.03014078 -0.0280993   0.00675241 ..., -0.02911445  0.01557145
  0.01213296]","[ 0.02893191 -0.01702573 -0.0497165  ..., -0.02069146 -0.00771075
  0.03307169]","[-0.0391887  -0.04390498 -0.02905298 ..., -0.02570949 -0.00577916
  0.03107584]","[-0.04602097 -0.03275131 -0.00666533 ..., -0.04246327 -0.01490554
 -0.04217269]","[-0.04405026 -0.01279235 -0.01620429 ...,  0.04710132 -0.04491827
 -0.00045774]","[ 0.04318599  0.02092429 -0.02168426 ...,  0.04536903 -0.0123481
  0.01099021]","[ 0.01420891  0.02869721  0.01403661 ...,  0.01619498  0.00366538
 -0.0329413 ]","[ 0.02757775 -0.02544499  0.00452885 ...,  0.03851441 -0.0034882
 -0.04770482]","[-0.03383911 -0.02159858 -0.00409298 ...,  0.04459044 -0.03855912
  0.04209074]","[-0.01772982 -0.04210936  0.03447615 ..., -0.03325051 -0.04014983
  0.00530325]","[ 0.02985207  0.02130987  0.00513887 ...,  0.02602614 -0.01734983
 -0.04409869]","[-0.03666664 -0.01077042 -0.02775098 ...,  0.01302611  0.04329029
  0.04880752]","[-0.0303792  -0.01173808 -0.01623409 ..., -0.02454905 -0.0123928
 -0.01570323]","[ 0.03971025  0.00102848  0.04714229 ...,  0.03077595 -0.04239249
 -0.01932612]","[ 0.01916035  0.00874849 -0.03294875 ...,  0.0138997  -0.01267127
  0.0430258 ]","[ 0.0298502  -0.04895654 -0.01756218 ..., -0.04429986 -0.00866001
  0.00261251]","[ 0.00850728  0.02745295  0.04319716 ..., -0.00785348 -0.00198619
 -0.02160603]","[-0.02043441  0.00752728 -0.00787304 ..., -0.02494207 -0.04273894
 -0.02050519]","[-0.02691464 -0.00713938 -0.03759425 ..., -0.04912045 -0.04518649
  0.00049672]","[-0.02587527  0.03409243  0.04952651 ...,  0.04707524 -0.03091193
 -0.02438141]","[ 0.00369426  0.006229    0.02700777 ...,  0.00173083 -0.03001598
 -0.01443988]","[ 0.0082791  -0.00884069  0.04533923 ..., -0.04096941 -0.03916262
 -0.02883691]","[ 0.01004584 -0.04676604 -0.02179789 ...,  0.02968443  0.01613165
 -0.03474065]","[-0.02234365 -0.01766462  0.00809749 ...,  0.02160044  0.038086   -0.01259863]","[ 0.00424432  0.04681074 -0.01893683 ...,  0.01010079 -0.02631858
 -0.04101039]","[-0.03388382  0.02283539 -0.03836167 ...,  0.00871217 -0.02678612
 -0.03340325]","[ 0.02702267  0.03135804  0.02111056 ..., -0.02537794  0.00374455
  0.00394583]","[-0.04958612  0.003752   -0.01050592 ..., -0.02803969  0.04105137
  0.03348148]","[-0.00977482 -0.03372363  0.00682692 ...,  0.01841528  0.02872888
  0.02639309]","[ 0.01186474  0.03936752  0.02160603 ...,  0.01044352 -0.00477146
  0.00331706]","[ 0.04358832 -0.03516906 -0.00517286 ...,  0.00645112 -0.02773794
 -0.03192429]","[ 0.01006912 -0.04106254  0.04469102 ...,  0.0020742   0.00032726
 -0.04616253]","[ 0.01671839 -0.00142675  0.00189917 ...,  0.04223602 -0.04260856
 -0.00147378]","[ 0.00710352  0.02361958  0.04684427 ..., -0.01481707 -0.03629038
 -0.02335135]","[ 0.04890811 -0.01650232 -0.04123763 ...,  0.03585452  0.02905298
  0.02966208]","[-0.00391463 -0.04932907  0.00686696 ...,  0.00172489 -0.03554904
 -0.01986443]","[ 0.00705695  0.01186194  0.0088826  ..., -0.00177565  0.03363794
  0.04822637]","[-0.01885487 -0.02096341 -0.02233247 ...,  0.01652467  0.03125094
  0.02469247]","[-0.01209571  0.01837244 -0.02603918 ..., -0.03515043 -0.00635706
  0.03492318]","[ 0.01026564  0.04476925  0.0417033  ..., -0.02837125 -0.04465004
  0.01470531]","[-0.01387735 -0.00687208  0.03613392 ..., -0.04424771  0.01878222
  0.01979924]","[ 0.04132332  0.03884969  0.02417838 ..., -0.01684132  0.00682319
  0.01733307]","[ 0.0107462   0.01291808 -0.00796617 ..., -0.03055429 -0.04459789
  0.03770974]","[ 0.0218519  -0.00763066  0.01484873 ..., -0.01734238 -0.00899716
  0.00617452]","[ 0.01742434  0.01518494  0.03737073 ...,  0.02161907 -0.044393    0.03395087]","[ 0.0181098   0.04021316 -0.00350007 ..., -0.01276068  0.02645828
  0.00121894]","[-0.01206404  0.0359551  -0.02837125 ...,  0.04604332  0.04923221
 -0.01948072]","[-0.02991167  0.04126371  0.02108821 ..., -0.04875909  0.01214786
 -0.03990024]","[ 0.02205307  0.02814773  0.00310425 ...,  0.02671347 -0.0441136
  0.00122616]","[-0.04829342 -0.04762286 -0.00533259 ..., -0.04392733  0.0399971
  0.00545599]","[-0.032647   -0.02082557  0.00135713 ...,  0.04568569  0.03089144
  0.03071262]","[-0.04475063  0.04916888 -0.01153784 ...,  0.02706738  0.02908092
 -0.00554307]","[ 0.04102529  0.01445198  0.00018415 ..., -0.00561851 -0.03350756
  0.02472786]","[-0.00273056 -0.00458007  0.02630927 ...,  0.01766462 -0.01197929
  0.00947121]","[ 0.0118517   0.00739177  0.01671652 ..., -0.01823088  0.01076483
  0.01176043]","[ 0.03934516 -0.04564471  0.0242771  ...,  0.04991022 -0.00019485
 -0.00760179]","[ 0.00642924 -0.03710623  0.03931535 ..., -0.0243218  -0.02061882
 -0.02342027]","[ 0.01067915  0.00607207 -0.02908465 ..., -0.03013147 -0.01028054
 -0.03274013]","[-0.04162134  0.00099659 -0.03339207 ...,  0.03816795 -0.00401242
 -0.01920878]","[ 0.00688093 -0.02038971  0.03553041 ...,  0.04907575  0.00562037
 -0.0397773 ]","[-0.02712326  0.02296392  0.01601616 ..., -0.00280553  0.00386166
 -0.03887204]","[ 0.01970425  0.0370131   0.00287002 ..., -0.02963041 -0.03129098
  0.00576659]","[ 0.00127901  0.00499032  0.01572931 ..., -0.02215738  0.00290914
 -0.0276001 ]","[ 0.03934516 -0.04516042  0.03580236 ...,  0.01094737 -0.01251294
  0.04276502]","[ 0.04656859 -0.01709092  0.01222144 ..., -0.02599075 -0.03407381
  0.03907321]","[-0.04285071 -0.00180673 -0.00691074 ...,  0.04795069  0.01051058
 -0.03401793]","[-0.01543361  0.02876054  0.01129197 ..., -0.00977482  0.04950416
  0.00846071]","[ 0.00955968 -0.0469523  -0.01114016 ..., -0.00128216  0.04329402
  0.0483344 ]","[ 0.0215129   0.03472202 -0.03536278 ..., -0.02019227  0.01987375
 -0.00848772]","[-0.02526618 -0.00024389 -0.03400303 ..., -0.04201251  0.03196899
 -0.01811353]","[-0.04401674  0.03822756  0.02721453 ..., -0.04490709  0.00238084
  0.02818125]","[-0.02083675  0.02107331  0.01900202 ..., -0.04149468 -0.02206052
  0.03046861]","[ 0.01944161  0.02978687 -0.02988001 ..., -0.047187    0.00657592
  0.0391887 ]","[ 0.02245541 -0.03127329  0.02475581 ..., -0.02087959  0.04950789
 -0.00245046]","[-0.01514583 -0.01578892 -0.04534668 ...,  0.03385774  0.03504985
 -0.00206372]","[-0.00350077  0.0102973  -0.01567529 ..., -0.00966399  0.01132643
 -0.00422616]","[-0.00793264  0.04250425 -0.0048455  ...,  0.01468948  0.01463918
  0.00914058]","[ 0.04976493  0.01388294 -0.03786248 ...,  0.00343651  0.01789746
 -0.03060086]","[ 0.01883066  0.03342187  0.01070429 ..., -0.01791236  0.03607804
 -0.00480126]","[  6.02224236e-03   9.43230843e-05  -1.64259467e-02 ...,   4.09731343e-02
   1.98160056e-02  -8.28748010e-03]","[-0.01409621  0.04816304  0.04741424 ..., -0.00960439 -0.01600312
 -0.02876986]","[ 0.03177155  0.0344687   0.00122465 ..., -0.02898406 -0.02135084
  0.0353069 ]","[ 0.02058901 -0.04650154 -0.00821949 ..., -0.01020231 -0.03535905
 -0.02431808]","[-0.01531626  0.04246327  0.01402171 ...,  0.01778942 -0.0036591
 -0.01676123]","[ 0.0258585   0.01429273  0.04287678 ..., -0.01523431  0.00100532
 -0.00050423]","[ 0.0098009   0.02022207 -0.01315743 ...,  0.0180949  -0.02585664
  0.02530343]","[ 0.03878264  0.03884969  0.04781658 ..., -0.01124447 -0.04951161
  0.03910674]","[ 0.00093491  0.01271132 -0.03797424 ..., -0.03265073  0.03770228
 -0.04545099]","[ 0.03656978 -0.02400142 -0.03976613 ..., -0.01521661  0.01245241
  0.01124633]","[-0.02562381  0.03813815 -0.01030848 ...,  0.01004118  0.04298109
  0.0227404 ]","[ 0.03096222 -0.03015755 -0.04107372 ..., -0.03181998  0.00258783
 -0.01858664]","[ 0.02967698 -0.04595764 -0.02775284 ...,  0.03937497  0.02660916
  0.01510485]","[ 0.03016686 -0.00637242  0.00201785 ..., -0.01977689  0.00445527
 -0.03481888]","[-0.04061923 -0.04221367 -0.0102675  ...,  0.0337646  -0.04564843
 -0.02351527]","[-0.01933916 -0.03284445 -0.0254096  ...,  0.03655116 -0.00093771
  0.03134314]","[ 0.03195036 -0.02963227  0.01756963 ..., -0.01777824 -0.04710877
  0.02824831]","[ 0.04740679  0.04844616 -0.02948512 ...,  0.00685113 -0.02819988
  0.01584852]","[ 0.0441136  -0.01892938 -0.02963227 ..., -0.02485266 -0.00067565
 -0.02131545]","[-0.02103792 -0.00248608 -0.04492572 ...,  0.01253716  0.01172876
 -0.02291549]","[-0.02220954  0.01171945  0.04346166 ...,  0.04536531  0.03141392
 -0.02154829]","[ 0.03052635  0.01996688  0.03408871 ...,  0.02015874 -0.04259366
  0.04308913]","[ 0.00189172 -0.01214693  0.00111952 ..., -0.03990024 -0.00926725
 -0.04174056]","[-0.03447615 -0.01616145 -0.00071378 ...,  0.0075771  -0.02500354
 -0.04651271]","[-0.03390617  0.00733077  0.01480217 ..., -0.04715347 -0.01200444
  0.02811979]","[-0.01487388 -0.00878295  0.03646175 ..., -0.02003766 -0.01750443
 -0.03373852]","[ 0.03273641 -0.01600685 -0.01818431 ..., -0.03166351 -0.03925203
 -0.01166916]","[-0.04101784 -0.00882579  0.04627056 ...,  0.04039943 -0.01349085
  0.03427498]","[-0.01170268  0.03155176 -0.00811053 ..., -0.01457213  0.01960552
 -0.00501268]","[ 0.03314992 -0.02340537 -0.00938739 ..., -0.03547081 -0.01868909
  0.02782176]","[-0.0336901  -0.02630182  0.04008278 ..., -0.00698943 -0.04224347
  0.01521382]","[-0.04567824  0.0258138   0.04422163 ...,  0.02061509 -0.03703918
 -0.00576939]","[ 0.02040088  0.02646387  0.04406889 ...,  0.00614564 -0.01543827
  0.03030656]","[ 0.04845734  0.0369982  -0.02987628 ..., -0.02570018  0.02332714
  0.04994002]","[-0.04246699 -0.02250943 -0.00446226 ..., -0.01332786  0.03307542
 -0.0452014 ]","[-0.02458816 -0.04171448  0.04303697 ...,  0.0061503  -0.04512316
 -0.03303071]","[-0.02141604 -0.00417913 -0.04517159 ..., -0.00376178  0.04600979
 -0.0220568 ]","[ 0.01495677  0.03628666  0.00120358 ...,  0.03674115 -0.03888322
  0.02025373]","[ 0.02223189  0.01481055  0.00937249 ...,  0.01111036  0.00903069
  0.00302649]","[ 0.02805273  0.04817049 -0.00509137 ...,  0.01062327 -0.03271406
  0.02028726]","[-0.03265073 -0.01412974  0.00474445 ..., -0.0400716  -0.00690561
 -0.01436351]","[ -9.58001256e-05   1.55993886e-02   4.17182036e-02 ...,   4.56000045e-02
   3.93600650e-02  -3.05840969e-02]","[-0.04650154 -0.0196465   0.00131196 ...,  0.0045512  -0.03619725
  0.01282308]","[ 0.02967325  0.04569314  0.0373074  ..., -0.02129869  0.0389838
  0.00975899]","[-0.01158347  0.0378662   0.04961964 ..., -0.02969747 -0.00798107
 -0.03181253]","[-0.04068628  0.00488089  0.0339248  ..., -0.02287451  0.02909024
  0.01693073]","[ 0.04708641  0.04174801 -0.01014829 ..., -0.0089599  -0.03084487
  0.04080177]","[ 0.02644152 -0.0474515  -0.03516533 ..., -0.00627137 -0.01035877
  0.01340516]","[-0.02038598  0.04726151  0.01633281 ..., -0.04959729 -0.0342638
 -0.04762659]","[-0.0477458  -0.01291063 -0.02506501 ...,  0.02546362  0.04287306
 -0.03965437]","[-0.03434948 -0.0068176   0.03206958 ...,  0.01591371  0.02539656
  0.03848461]","[-0.02915357  0.01155926 -0.01759943 ...,  0.03000108 -0.03410733
  0.04730994]","[-0.03667782  0.00259155 -0.04536903 ..., -0.03805619  0.00645671
 -0.02885927]","[ 0.02991167  0.00022117 -0.04274267 ..., -0.00566228  0.0497463
  0.02688856]","[ 0.04326049 -0.03953143  0.03612274 ..., -0.00958204  0.006819   -0.03104045]","[ 0.04563353  0.04881497  0.0293715  ..., -0.0275051  -0.01409621
  0.02007864]","[ 0.04425888 -0.02469247  0.00634774 ...,  0.02749579  0.00406784
  0.0133409 ]","[-0.03225212  0.01794216  0.03431595 ..., -0.00476261 -0.04359205
  0.00890216]","[-0.02161721  0.02049029 -0.04807736 ...,  0.01087287 -0.03521004
 -0.03712114]","[-0.02194876 -0.04882987  0.00020225 ...,  0.01353835  0.03341815
 -0.02008796]","[-0.03623451 -0.01822715 -0.02526245 ..., -0.00433513  0.01676868
 -0.03515788]","[ 0.04417692 -0.00298947  0.02455463 ...,  0.03695722  0.01825882
  0.03789228]","[-0.01735542  0.03117084  0.00973943 ...,  0.03052076  0.02383006
 -0.00487437]","[-0.02630927  0.02551764 -0.01438493 ..., -0.02228218 -0.03758307
 -0.00388751]","[-0.04948553  0.03841755  0.01996875 ...,  0.03280347 -0.00889098
 -0.01201096]","[ 0.03350011 -0.04132332  0.04235524 ...,  0.04203113 -0.04780913
 -0.03479652]","[ 0.02738962 -0.02825017  0.02367546 ...,  0.01764413  0.02897475
  0.02879966]","[-0.01631978  0.02311293  0.01153039 ...,  0.04418065  0.04510453
 -0.02123908]","[ 0.02804342  0.00660759 -0.00380276 ..., -0.02145888  0.02818684
  0.00797548]","[-0.01373765 -0.02543009 -0.01286965 ..., -0.03878636 -0.03724407
  0.01532092]","[ 0.04629292 -0.00755662 -0.04385282 ...,  0.04085393  0.00743647
  0.01982532]","[ 0.01527994 -0.01049754  0.04811088 ..., -0.00750819 -0.04452711
  0.02157995]","[ 0.02866555 -0.03013892 -0.03393597 ...,  0.01226055  0.01631791
 -0.0144287 ]","[-0.03940104 -0.0497165   0.00325792 ...,  0.03344795 -0.04161762
 -0.00387144]","[-0.03503867 -0.04900496 -0.0207194  ...,  0.01818431  0.00867864
  0.04319716]","[ 0.02931003 -0.03706898 -0.0314996  ..., -0.0253649   0.01739267
 -0.02873633]","[ 0.03218134  0.03069958 -0.04511571 ..., -0.0125949  -0.02885181
 -0.00533492]","[-0.0166327   0.02658122 -0.04194545 ...,  0.00482315 -0.02558097
 -0.02518794]","[-0.03634999 -0.02577841 -0.00906235 ..., -0.02035618  0.00948611
 -0.02584546]","[-0.00521384  0.00880158  0.00051453 ...,  0.04274639 -0.02046608
  0.01662153]","[ 0.03248682  0.02125585  0.02396417 ..., -0.02361399 -0.01341355
  0.01960925]","[ 0.00090331  0.02984834  0.00968448 ..., -0.04635252 -0.03923713
  0.04490709]","[-0.0283787   0.046658   -0.02171593 ..., -0.01081233  0.0090549
  0.04388262]","[-0.01704063  0.04370381  0.01843577 ..., -0.03651763 -0.03410733
 -0.04659467]","[ 0.01040161  0.00366143 -0.02199719 ..., -0.01125192 -0.00362953
  0.02327871]","[-0.03685664 -0.04955631 -0.00311892 ..., -0.0356757  -0.03938242
  0.04648291]","[-0.04564471 -0.02779754 -0.03395832 ...,  0.00340601  0.04015728
  0.00567951]","[ 0.02665945 -0.02802106 -0.03822384 ...,  0.03239368 -0.02382633
 -0.0453206 ]","[ 0.04031375 -0.01854194 -0.04074216 ..., -0.02689228  0.03305679
  0.04843871]","[  1.79891285e-05   9.81393736e-03  -2.04511750e-02 ...,  -1.79384351e-02
  -3.87453809e-02   4.22993563e-02]","[ 0.00760411 -0.00636916 -0.00580617 ..., -0.03653998 -0.03529944
  0.01621733]","[ 0.0312323   0.03545218  0.0333809  ..., -0.02909396  0.01655075
  0.00807514]","[-0.00699595  0.02928395 -0.02760755 ..., -0.0446724   0.03266935
 -0.00133373]","[-0.02813655 -0.00763811 -0.04493317 ..., -0.03812698 -0.03882734
 -0.01650232]","[ 0.01261726 -0.03443889 -0.02947581 ..., -0.03817168 -0.04933279
 -0.04996238]","[ 0.01949749 -0.00803136  0.02581194 ..., -0.02483776 -0.04706034
 -0.03671135]","[ 0.01470996 -0.04346166  0.01566971 ...,  0.0491428   0.03432713
 -0.02309244]","[-0.01753051  0.02279628 -0.01908956 ..., -0.04335735 -0.02040647
  0.00193921]","[ 0.00339646  0.02069146  0.00427832 ..., -0.02038971  0.03913282
  0.00022281]","[ 0.00964071 -0.01597146  0.03017245 ...,  0.0017604  -0.02171034
 -0.00378995]","[-0.03046489  0.02619379  0.02291176 ...,  0.01453487  0.0323974
  0.02402564]","[-0.02872515 -0.02334018 -0.03287052 ...,  0.02053127  0.03578746
 -0.03031773]","[ 0.02820174  0.02931003 -0.00889937 ..., -0.01400401 -0.032308   -0.01442777]","[ 0.00022284 -0.0015583  -0.02779196 ...,  0.01731071 -0.00735824
 -0.04418438]","[ 0.025784   -0.02321165  0.0041931  ...,  0.04291404  0.04793952
  0.01244496]","[-0.04668035  0.0124254   0.00635519 ...,  0.01634027  0.0328668
 -0.02875123]","[ -3.64657535e-05  -3.71434875e-02   1.95906237e-02 ...,  -3.90620343e-02
   3.48263234e-02   3.25166136e-02]","[ -3.82685401e-02   2.19916049e-02   3.04202622e-05 ...,   4.18411382e-02
   3.06604654e-02   1.96465012e-02]","[ 0.02217601  0.01925162  0.02565175 ...,  0.0378364   0.04444515
  0.00957086]","[-0.00372289  0.02167681 -0.01714866 ..., -0.00549697 -0.02340723
  0.01889585]","[-0.03712859 -0.01495211  0.00993781 ...,  0.01815264  0.02939571
  0.01157416]","[-0.01732189  0.03714349  0.0465984  ...,  0.0249458  -0.03910302
  0.00332591]","[ 0.03580981 -0.03193919 -0.0405857  ...,  0.00518963 -0.02503707
 -0.00655217]","[ 0.00853335 -0.02444101 -0.04259366 ...,  0.04123763  0.02097645
  0.01522499]","[ 0.00075685 -0.00953174 -0.04877772 ...,  0.01437468  0.01606832
  0.00716965]","[ 0.03402537 -0.02692209 -0.00321671 ...,  0.00274406 -0.00317597
  0.04654624]","[ 0.0220419   0.00787769  0.01753237 ...,  0.01839665 -0.04713484
  0.0066183 ]","[-0.0173666  -0.04527963 -0.04288796 ..., -0.01006074  0.00051966
  0.00934175]","[ 0.03342932  0.01961856 -0.00863021 ..., -0.00470766  0.00466529
  0.04616253]","[ 0.02300117  0.01392019 -0.01519985 ..., -0.02715865  0.00868516
 -0.02028167]","[ 0.04503002 -0.02654024  0.00804533 ..., -0.00822229  0.00155958 -0.038425  ]","[-0.01637566 -0.00167436 -0.01986444 ..., -0.03027303  0.04261601
 -0.01730327]","[ 0.03817913  0.04280227  0.01482731 ...,  0.03104418  0.02049029
  0.02162652]","[ 0.00689351 -0.00111952  0.03762778 ..., -0.00334757 -0.01330737
  0.03737818]","[-0.02910328  0.03144372  0.0369982  ...,  0.0466878   0.04832695
  0.02959129]","[-0.04443397 -0.01060092 -0.00832473 ..., -0.03618608  0.01756218
  0.04217269]","[-0.03153313 -0.04762659  0.00916387 ...,  0.02298254 -0.03015196
  0.01390157]","[ 0.00732332  0.0178751  -0.01057763 ..., -0.02887603  0.01238722
  0.0339546 ]","[-0.00869354  0.03853676  0.02353762 ..., -0.02948884  0.01541871
 -0.01809304]","[ 0.0331909  -0.00935852 -0.04298854 ...,  0.04928437 -0.01703504
 -0.03990396]","[ 0.04441907  0.04820029 -0.04665055 ...,  0.01277838 -0.0350126
  0.02491413]","[ 0.04120783 -0.01748953  0.03744524 ..., -0.00745044  0.01696985
 -0.01691769]","[-0.0170518  -0.04366283 -0.02514324 ...,  0.01704063 -0.02560704
  0.02433484]","[-0.01213482  0.04421418  0.00849144 ...,  0.04338343 -0.02767275
  0.00361975]","[-0.01721199 -0.01819362 -0.00069504 ..., -0.03425635 -0.01450786
  0.00671748]","[ 0.00941346 -0.02639123  0.02704689 ...,  0.02112733 -0.02899897
  0.01997247]","[-0.03991886 -0.01799618  0.0273505  ..., -0.03362677 -0.0215129
  0.03561983]","[-0.00684927 -0.0227404  -0.02421749 ..., -0.03190566  0.00315292
  0.02923925]","[-0.03691252  0.01737591  0.00723996 ...,  0.01705553  0.0033925
  0.03531807]","[ 0.01272529  0.02360467  0.01322169 ...,  0.03547454 -0.01338374
 -0.02234737]","[ 0.01130314  0.0392036   0.0069722  ..., -0.03769856 -0.01506946
  0.01690279]","[ 0.03009608  0.04787619  0.03650646 ...,  0.04038453  0.03770601
  0.02895985]","[-0.01890516 -0.0494222   0.02815518 ...,  0.00363791 -0.00497915
 -0.02852212]","[ 0.00276665 -0.02114036 -0.0254394  ...,  0.00761017 -0.0144464
 -0.04523865]","[-0.04323814 -0.04293639 -0.025689   ..., -0.00709421  0.00237851
  0.02681964]","[-0.02759451 -0.00963233  0.02345194 ...,  0.00255523 -0.01850096
  0.00480173]","[-0.03691997  0.02468502 -0.01611302 ..., -0.02567038 -0.0191678
  0.00639617]","[ 0.03705036 -0.03369382 -0.04056335 ...,  0.03335482 -0.00367679
 -0.00328773]","[-0.01768511  0.0463637  -0.0050625  ..., -0.00095081  0.03273269
 -0.04265326]","[ 0.02111242 -0.02770255  0.01084492 ...,  0.03102555  0.00636078
  0.02095968]","[-0.04252287 -0.02251688 -0.03607059 ..., -0.0149875  -0.02995079
 -0.00998344]","[-0.01024608 -0.04157291  0.04654996 ..., -0.04900869 -0.02232875 -0.013109  ]","[ 0.01898339  0.04082785  0.04382674 ...,  0.03606314  0.01516352
  0.02333645]","[-0.02963227  0.04218387  0.03666664 ...,  0.01455722 -0.0391887
  0.03846598]","[ 0.02801175  0.04275012  0.00746162 ..., -0.03007372 -0.01280073
 -0.01892565]","[ 0.0089776   0.00089469 -0.00968541 ...,  0.03696094  0.01001045
  0.04274639]","[-0.00173676  0.0471721   0.0408651  ..., -0.01674633  0.04340951
 -0.01159558]","[ 0.01276906  0.04270169  0.04278365 ..., -0.02418583 -0.04819284
 -0.00281577]","[-0.00244999 -0.0288276  -0.01379074 ..., -0.04793952 -0.01701455
 -0.02063558]","[ 0.02128193 -0.04130469  0.03724407 ..., -0.00790098 -0.04866968
  0.0372925 ]","[-0.02133594  0.00968076 -0.03323561 ...,  0.03377206 -0.02155946
 -0.00665089]","[-0.02912749 -0.01551464  0.00930357 ...,  0.02326753 -0.04907202
 -0.0136352 ]","[-0.03889067 -0.03888695 -0.03728505 ..., -0.02223189 -0.0353963
 -0.03543728]","[-0.02825204 -0.0359551   0.0030046  ..., -0.0152343   0.01468575
  0.02846997]","[ 0.01598263  0.00140812  0.00975247 ..., -0.02282608 -0.00539871
 -0.01892938]","[ 0.02696866  0.04982826  0.00347656 ...,  0.04365538 -0.02655328
  0.00823346]","[ 0.01250643  0.0046611   0.03610039 ..., -0.02426779 -0.01151455
 -0.03209565]","[ 0.04416947 -0.00179788  0.03344795 ...,  0.01489251 -0.01417352
  0.03085791]","[-0.04640468  0.00663646  0.02690719 ...,  0.02958757 -0.02824086
 -0.02086842]","[-0.04072726 -0.03862617 -0.01496701 ...,  0.00326165  0.0301948
 -0.02373879]","[ 0.04295129  0.01270573  0.00754125 ..., -0.01273088 -0.03544101
  0.03702427]","[-0.01665506 -0.01434488  0.00888819 ...,  0.03448732 -0.02540587
  0.02903249]","[ 0.00589511 -0.02675817 -0.02119624 ...,  0.02290431 -0.02052941
  0.00190778]","[ 0.01145495 -0.00348028  0.02929699 ...,  0.01773727  0.00255221
 -0.01209664]","[-0.0326172   0.04788364 -0.01460379 ..., -0.0342489   0.00684368
  0.02950561]","[-0.04515669 -0.04540629 -0.01853076 ...,  0.04771227  0.02354321
 -0.00674635]","[-0.00363162 -0.0137898   0.0118489  ..., -0.02392878 -0.00570559
  0.00276199]","[ 0.04148351 -0.01475653  0.00386772 ...,  0.03046675  0.02560891
  0.02917219]","[-0.03522866 -0.01168871  0.04066766 ..., -0.01111874 -0.00631654
 -0.01064283]","[-0.0425266  -0.02570577  0.01288269 ..., -0.01968748 -0.01477236
 -0.02305146]","[ 0.04319716 -0.04342441 -0.02961737 ...,  0.01305684  0.04246699
 -0.0453057 ]","[ 0.01336418 -0.03376088  0.01475932 ..., -0.01799059 -0.00265093
  0.00170359]","[-0.04277247 -0.0243069   0.04520885 ...,  0.01572745  0.04498532
 -0.03369755]","[ 0.01645016 -0.00481663  0.03953143 ..., -0.0411594   0.01004491
  0.01137299]","[-0.02421563 -0.01280166  0.02968257 ...,  0.03046489  0.02236786
  0.0255642 ]","[ 0.04979846 -0.00187437  0.04567451 ..., -0.00384001  0.00184969
 -0.04862871]","[ 0.02387476  0.00905304  0.03770229 ..., -0.02542264 -0.03382421
 -0.03680448]","[ 0.0052348   0.03262093  0.00335758 ..., -0.03291523 -0.00833405
 -0.0209839 ]","[-0.01197184  0.0480252  -0.02809557 ..., -0.01925721  0.03542983
  0.01022931]","[ 0.01579078 -0.00872055  0.02817008 ...,  0.00789259 -0.03528454
 -0.01795892]","[-0.01306988  0.01600685  0.03831324 ...,  0.00892358  0.02936218
  0.00793451]","[-0.02529411  0.04856537  0.03585452 ...,  0.04851694  0.04695603
  0.01666437]","[-0.0144762   0.03385401 -0.04749248 ..., -0.02891514  0.01475653
  0.01700896]","[-0.00694892 -0.03102182 -0.00084871 ..., -0.01310621  0.01711514
  0.02989118]","[-0.01480868 -0.00840017 -0.03180135 ..., -0.00022666  0.04402046
  0.04546962]","[-0.04173683  0.03059155 -0.01604783 ...,  0.02841409  0.04199388
 -0.01693073]","[-0.04869204 -0.04358832  0.00265093 ...,  0.04939985 -0.00278271
 -0.01469786]","[ 0.04481023  0.00664717  0.02688111 ...,  0.02720335  0.01343404
 -0.0281738 ]","[-0.03871558 -0.00623366 -0.02963413 ...,  0.03052635  0.00449066
  0.00012046]","[ 0.04683309 -0.03873421 -0.01410925 ..., -0.00323185 -0.04792089
 -0.04439672]","[-0.00100951 -0.00856874  0.0253649  ..., -0.00448601  0.04929554
 -0.04279855]","[-0.01137392 -0.04144625  0.0317641  ..., -0.01142608 -0.04128979
  0.02579145]","[ 0.00184573  0.01607204  0.03382048 ..., -0.01173435  0.02534813
 -0.03748994]","[-0.03632391  0.04682191  0.04638978 ..., -0.00753194 -0.01334649
 -0.04189701]","[ 0.0372627  -0.03496416  0.0197415  ..., -0.04545099 -0.014072    0.00173676]","[ 0.03317973  0.02662406 -0.04714602 ...,  0.0438789  -0.02900269
 -0.03795561]","[-0.01052641  0.04349891  0.04337225 ...,  0.03718819  0.04190447
 -0.00858178]","[ 0.0455106   0.03905086  0.04899751 ...,  0.03802639 -0.01191503
  0.0310628 ]","[ 0.04150213  0.03585824 -0.0172064  ...,  0.0406155  -0.00472256
 -0.04978356]","[-0.03853676 -0.03172684 -0.03922968 ...,  0.04018336  0.0273505
 -0.03106466]","[ 0.02681219  0.02273853 -0.03514671 ...,  0.03483005 -0.04412105
 -0.03223722]","[-0.00196663  0.01435792 -0.04126371 ...,  0.00597009 -0.01302704
  0.00492187]","[-0.03941967  0.01025818 -0.03577256 ..., -0.02497374  0.0178453
 -0.02349664]","[-0.01961484 -0.01677799  0.04834931 ...,  0.02651789 -0.03320208
  0.03093428]","[ 0.00665741  0.03529944  0.04650526 ...,  0.00234522  0.02987069
  0.04094333]","[-0.02736727 -0.00359833 -0.04413222 ..., -0.04234406 -0.02829301
 -0.0449816 ]","[ 0.03748994  0.03815678  0.04101039 ..., -0.0231595  -0.04124136
  0.0460247 ]","[-0.0348375  -0.03738564  0.02572439 ...,  0.04973885 -0.02112919
  0.00790005]","[ 0.04467612 -0.00885373  0.02876613 ..., -0.00084522  0.03934888
  0.01682642]","[-0.00269843 -0.04517904 -0.01676868 ...,  0.03130588 -0.02007678
  0.01851027]","[ 0.0064907   0.04324559 -0.04739562 ..., -0.0262031   0.04035845
  0.0356012 ]","[ 0.03753092  0.00432302  0.00366538 ...,  0.03487476 -0.0406006   0.0466431 ]","[ 0.0332505   0.03497161  0.04225093 ...,  0.01814333 -0.03557512
  0.00933151]","[-0.03326913  0.0391738   0.00556635 ...,  0.0388944   0.00553143
 -0.02031148]","[ 0.01337816 -0.02455836 -0.04477298 ...,  0.04405027 -0.00087094
 -0.03927438]","[ 0.00692657  0.04934397  0.00596636 ...,  0.04617743 -0.04535413
 -0.01164494]","[-0.04854675  0.04860635 -0.03342932 ..., -0.03697957 -0.03328031
  0.02145702]","[-0.00521105  0.03582844  0.03687154 ...,  0.01953661  0.04831577
 -0.02468316]","[ 0.02506501  0.00565716  0.04626311 ..., -0.00395095  0.02354693
  0.01600685]","[ 0.0493924   0.00809469 -0.01168313 ...,  0.03608176  0.04795442
 -0.02502775]","[-0.00938273  0.01977875 -0.00454421 ...,  0.02531647  0.00053438
 -0.0283638 ]","[ 0.02305519 -0.02770255  0.00476494 ...,  0.00785255  0.0041307  -0.0373223 ]","[ 0.00096652  0.01154622  0.01177999 ..., -0.0257989   0.03798541
 -0.01065214]","[-0.04706034 -0.02314832 -0.01866115 ..., -0.01480775 -0.03170077
  0.03869323]","[ 0.04044041  0.04907947 -0.02046794 ...,  0.01678172  0.03976985
  0.04434457]","[ 0.03757562 -0.00129007  0.04882242 ..., -0.00662388  0.00645624
  0.00841601]","[ 0.04547334 -0.01137951 -0.01569206 ..., -0.02551019  0.04135684
 -0.00241088]","[-0.02467943  0.03272896 -0.00796617 ...,  0.00371661  0.01738895
  0.03626058]","[-0.01157789  0.04620351  0.0497314  ...,  0.00572701  0.02207542
  0.04681446]","[ 0.01800177  0.01433557 -0.02022952 ...,  0.03088212 -0.04701191
  0.04048139]","[ 0.00371754  0.00171674  0.03086722 ..., -0.04117058  0.01071733
  0.01792167]","[-0.01001045  0.03250544  0.03987416 ..., -0.02065234  0.02329175
 -0.02616398]","[ 0.01762737 -0.04041061  0.04955631 ...,  0.01272622  0.03675233
  0.03035126]","[ 0.01740571 -0.00459032  0.0433499  ...,  0.02781803 -0.00043355
  0.03940477]","[-0.02237718  0.02195435 -0.00096751 ...,  0.00094603  0.0455851
  0.02051451]","[ 0.02604477 -0.00788049 -0.02530715 ...,  0.04739562 -0.01645761
 -0.01762178]","[ 0.01029078  0.04672133 -0.00655031 ...,  0.00066145  0.04617371
 -0.0232843 ]","[-0.00135946  0.04381184  0.02000041 ...,  0.01964464  0.02165818
 -0.01596214]","[ 0.01993894  0.02328802 -0.01473977 ..., -0.01215997  0.04358087
  0.03341815]","[-0.04320089 -0.03001971 -0.02868045 ...,  0.03747504  0.02421004
 -0.02593674]","[ 0.0170667  -0.02366056  0.04073099 ..., -0.01574794  0.01732562
  0.03008118]","[ 0.0152073   0.04409869 -0.02881829 ...,  0.00680223  0.03642077
  0.01199885]","[ 0.00626905  0.02610997  0.03063439 ...,  0.00185528  0.04722053
 -0.01364545]","[-0.02861525  0.03234525 -0.04895654 ..., -0.03483378  0.02399956
  0.03537395]","[-0.00031061  0.0460694  -0.02867486 ...,  0.04025787  0.02956708
  0.03369755]","[ 0.04488102  0.03666664 -0.01456188 ..., -0.00230773 -0.03352618
  0.01938946]","[-0.02514883 -0.02403123  0.0166029  ...,  0.02321165  0.01200537
 -0.00981021]","[-0.0410998  -0.02050706  0.01644644 ...,  0.04820029 -0.04015356
 -0.04981336]","[-0.01110477  0.04211681  0.04622214 ...,  0.02763922 -0.00408972
 -0.01493348]","[ 0.0007405  -0.02435347  0.04110352 ...,  0.01693073 -0.02624967
 -0.01686926]","[ 0.04106254 -0.00030442 -0.03894655 ..., -0.01891075  0.0340291
 -0.02390643]","[-0.00692471  0.02517677  0.0189182  ...,  0.04323069 -0.0400865
 -0.01940995]","[-0.03851069 -0.00943954  0.02021834 ...,  0.0367337  -0.04054845
 -0.04756698]","[ 0.04600234 -0.0133409   0.01521568 ..., -0.01540847  0.00728001
  0.00861252]","[-0.01494187 -0.0397922   0.00419776 ...,  0.0287475  -0.032118    0.01414092]","[-0.0375272  -0.02737286  0.03149587 ...,  0.02070636  0.00352056
  0.01945092]","[-0.0497016  -0.02970305  0.0381754  ...,  0.04257131 -0.04405772
 -0.01885487]","[  4.47021984e-02  -2.19804272e-02   8.24995077e-05 ...,  -3.36006917e-02
   1.93149485e-02   9.03161708e-03]","[-0.03820148 -0.01566412  0.0002566  ...,  0.03221487 -0.03772837
 -0.01856988]","[ 0.0141791   0.00335502 -0.03435321 ..., -0.02448944 -0.03700192
  0.04232916]","[ 0.01725856 -0.038425    0.0200209  ..., -0.00933244  0.0255046  -0.0300048 ]","[ 0.001642   -0.01755286  0.04933652 ..., -0.01372647 -0.02372575
  0.03240485]","[-0.0006416   0.03384656 -0.02462356 ..., -0.04541374 -0.02229708
 -0.01630115]","[ 0.00756174 -0.0253798   0.00365723 ..., -0.02713443  0.00610513
  0.03716211]","[-0.03884224 -0.00377528  0.0275852  ...,  0.04683309 -0.00344489
 -0.04980964]","[-0.02945904 -0.02602801 -0.01601057 ..., -0.03290033 -0.04342068
 -0.00095179]","[-0.04586823 -0.03157411 -0.04113705 ...,  0.02346684 -0.0226156
 -0.00526367]","[-0.04957494 -0.00675893  0.04040688 ...,  0.03225584  0.03277739
 -0.00125887]","[ 0.0026344  -0.04737327 -0.01293205 ..., -0.04789481  0.02588458
  0.02291176]","[ 0.01790118  0.01034852  0.03466986 ...,  0.04370753 -0.04958239
  0.04917633]","[-0.00265815 -0.01917152 -0.01960739 ..., -0.01295626  0.01258373
  0.01346198]","[ 0.04211681  0.01522313 -0.03266563 ...,  0.03937496 -0.00990614
  0.03935261]","[ 0.023858   -0.03721054 -0.02104351 ...,  0.00378459  0.0079522
  0.02374996]","[-0.03922595 -0.03101437  0.02433484 ..., -0.02847742 -0.01172597
  0.04253778]","[ 0.03038479 -0.00131324  0.02833399 ...,  0.04862498  0.04204231
 -0.0180148 ]","[-0.02655142  0.00143699  0.02674513 ..., -0.00662063  0.03381676
 -0.03817168]","[ 0.0094768   0.02410201 -0.00989496 ...,  0.00363744  0.00657266
  0.04463514]","[-0.04222857  0.00628255  0.01412695 ...,  0.04566333 -0.03447242
  0.00897853]","[-0.01089522 -0.04546217 -0.01443056 ...,  0.04835303 -0.00828655
  0.01048729]","[ 0.00132756 -0.01432625 -0.00236338 ...,  0.04871066  0.03753465
  0.02205493]","[-0.0257691   0.03798914 -0.03083928 ..., -0.00239388 -0.0004711
 -0.02897475]"
0.0308467,-0.00265721,0.043756,0.0437522,-0.0446314,0.0133335,0.0355081,0.00935013,0.0259647,0.0105907,0.0154206,0.0273449,-0.0113898,0.0494148,-0.0226156,-0.0226119,-0.0372478,-0.0194509,0.0152818,-0.00475842,-0.0115704,0.00602131,-0.0482971,-0.0366443,0.00519522,-0.00852777,-0.00211914,-0.0100058,-0.0104547,-0.0355192,0.0494148,-0.034804,0.00396166,-0.0462966,0.0493998,0.0485654,0.0342005,0.0345171,0.0327848,0.012811,0.0434356,0.0193205,0.0477197,-0.0173834,0.00400544,0.0240573,0.0300886,0.0466394,-0.0191045,0.0418486,-0.0205965,0.010478,0.0142117,-0.022502,-0.0057475,-0.0430183,0.00635752,-0.0239493,0.0407384,0.0138457,0.0369125,0.0328482,-0.0187543,0.00244208,0.015211,-0.0137358,0.00957179,-0.0268178,-0.025838,-0.0455665,-0.00140276,0.00696801,-0.0179403,0.0174728,-0.0420162,0.0144641,-0.0144734,0.0039747,-0.0162639,0.0280304,0.0221071,0.0308691,-0.0247633,-0.0181415,0.00777874,-0.0290046,0.0388385,-0.00119426,0.00162768,-0.00626625,-0.0297757,-0.0228726,0.0488783,0.0238021,0.0278087,0.0472354,-0.0495712,0.0215818,-0.0446538,-0.0408092,0.0405224,0.0126042,0.0265831,0.0433983,0.0437187,-0.048774,0.0239958,0.0295037,0.0414388,0.0151374,0.0223492,-0.0124571,0.0177894,-0.022474,-0.0160217,-0.047079,0.0145433,0.00250122,0.00529766,-0.0397065,0.0375235,-0.00220226,-0.00755382,0.0383468,-0.00352242,-0.0128529,0.00757757,-0.0212465,-0.0181582,0.0475297,-0.0365661,-0.0209075,0.0315219,0.0248489,-0.00794661,-0.0394495,0.0365586,0.0250129,-0.0316337,-0.0109399,0.0276131,0.00647021,0.034085,-0.0194118,-0.00420754,-0.0111737,-0.0471348,0.00508532,0.028185,0.0148711,-0.00715195,-0.0374899,-0.0116207,0.011889,-0.0346401,0.0399189,0.0474217,-0.0484275,0.0354112,-0.000492589,-0.00805837,-0.0493216,5.2644e-05,-0.017158,0.0158634,0.0479321,-0.00668023,-0.00772472,0.0337572,0.0381158,0.0494818,-0.020833,0.0379035,-0.0392707,0.0297049,-0.0377656,-0.0497724,-0.0379109,0.0432791,0.0291703,0.0480774,-0.0389316,-0.0257765,0.0187189,-0.0221853,0.0202239,-0.0367151,0.0380376,0.0175603,0.0476899,0.0242957,-0.0440652,0.00819342,0.00732192,-0.0432046,0.0474739,-0.0432232,-0.0194044,-0.0140124,-0.0480103,-0.0448549,-0.0100049,0.001932,-0.0231688,0.0276858,0.0294684,-0.0196707,-0.0165116,0.0272555,0.0216619,-0.00583411,-0.0142052,-0.018894,-0.0288816,0.0411929,-0.00521617,0.0359216,-0.00263323,0.0489565,-0.0467325,-0.0159063,-0.0139602,0.0217904,0.00461313,0.0124021,-0.0437299,-0.0266893,0.0391477,-0.0488187,0.00626486,0.0206132,0.0160311,0.0219637,-0.0330493,-0.0062602,-0.0499736,-0.0125213,0.0186928,-0.0114671,-0.0254338,-0.0346028,0.0048455,-0.0397438,-0.0396395,-0.031141,-0.00112651,-0.027846,0.0325539,-0.0402355,0.00297922,-0.016452,0.0143058,0.0474105,0.0194695,-0.0102712,0.0239511,0.0164297,0.0494073,0.0259516,0.0485132,-0.0297813,0.0464233,0.0423366,0.0312323,0.0131248,-0.0407869,-0.0042867,-0.0142545,-0.0201327,0.0184767,-0.0335821,-0.0412488,0.0117679,-0.0166998,-0.0398816,-0.0282297,-0.0460172,-0.0444004,-0.00695358,-0.0209504,-0.0346103,-0.0122261,-0.0248694,0.0149186,-0.0303531,0.0192907,-0.0220605,0.00484364,0.0410998,-0.0442328,0.022854,0.0344352,0.0159621,-0.0216656,0.00881741,-0.00525995,-0.007782,-0.00350426,0.0324272,0.0315741
[-0.00075883 -0.00238666],[ -2.71891500e-03  -6.72852839e-05],[ 0.00095535  0.00232217],[ 0.00051494 -0.00275244],[-0.00262299 -0.00190918],[-0.00224813 -0.00262485],[-0.00126737  0.00146877],[-0.00150964  0.00260203],[ 0.00178065  0.00191349],[ 0.00109182  0.00241483],[-0.0008196   0.00052577],[-0.00163816 -0.00231099],[-0.00077304 -0.00259505],[ 0.00171045  0.00043271],[ 0.00061617 -0.00180941],[-0.00144526 -0.00244021],[-0.00043317  0.00087205],[-0.00044802 -0.00122954],[ 0.00176831 -0.00298039],[ 0.00184689 -0.00214661],[-0.00130404  0.00260599],[ 0.00282113 -0.00084912],[ 0.00120136 -0.00134805],[-0.00130148  0.00192583],[-0.00077141 -0.00220622],[ 0.00177507  0.00035392],[  7.26819329e-04   1.95123221e-06],[ 0.00212775  0.0013803 ],[-0.00142989 -0.00065319],[ 0.00089411 -0.00021481],[-0.00025471 -0.0024607 ],[-0.0004396   0.00205906],[ 0.00054777 -0.00259901],[ 0.0007795   0.00105608],[ 0.00195481  0.0009437 ],[ 0.00060674 -0.00032633],[-0.0011832   0.00120614],[ 0.00188263 -0.00254382],[-0.00036978  0.00162372],[ -6.95772396e-05   1.66644866e-03],[-0.00293894 -0.00196081],[ 0.00190685  0.00265023],[ 0.00286839 -0.00271985],[ 0.0027571  -0.00214894],[ 0.00126958  0.00032066],[ 0.00104059  0.00027746],[-0.00267514 -0.0008965 ],[ 0.00278015 -0.00134979],[-0.00161616 -0.00125724],[ 0.00262904 -0.00241809],[ 0.00227397  0.00262951],[-0.00097176 -0.00231262],[-0.002572    0.00267025],[  8.23830851e-05  -2.34707934e-03],[ 0.00210656  0.00155236],[ 0.00275617  0.00223066],[ 0.00031233  0.00190184],[ 0.00141359 -0.00194352],[  1.10388610e-04   4.23593483e-05],[-0.00281065 -0.00162407],[ 0.00252264  0.00119915],[-0.00292101  0.00195801],[ 0.00061675  0.00146074],[-0.00242089  0.00242228],[-0.00213869  0.00241809],[ 0.00032659 -0.00168054],[ -4.18536692e-05  -6.49576716e-04],[ 0.00286607 -0.00036283],[ 0.00069288  0.00265256],[ 0.00103954  0.00223206],[-0.00253893  0.0001135 ],[-0.00023515 -0.00258015],[ 0.00262229  0.00145585],[ 0.0021841   0.00086221],[ -8.60938817e-05  -1.45794614e-03],[ 0.00236664  0.00299319],[-0.00011702  0.00031606],[ 0.00079743  0.00222042],[-0.00092071  0.00171127],[-0.00194434  0.00275198],[-0.00028445  0.00160289],[  2.52682716e-03  -5.50196819e-05],[-0.00252357  0.00109473],[  1.91556595e-04   7.97491593e-05],[-0.0010754  -0.00224324],[-0.0008522   0.00094795],[-0.00122639 -0.00213776],[ 0.00109438  0.00074067],[ 0.00112441  0.00227187],[ -8.41264978e-07   1.76703278e-03],[ 0.00286094  0.00200365],[-0.00159939 -0.00265628],[-0.0006281  -0.00022108],[ 0.00172745 -0.00032764],[-0.00196896 -0.00247118],[ 0.00274569  0.0020274 ],[ 0.00126807 -0.00049387],[-0.00051878 -0.00223369],[ 0.00027843  0.00186948],[ 0.00099507 -0.00150149],[ 0.00134223 -0.00222298],[-0.00124665  0.0022749 ],[-0.00178345  0.00057309],[-0.00207606  0.00176715],[ 0.0005657  -0.00110427],[ 0.00282229  0.0029755 ],[-0.00214917 -0.00112953],[-0.00117366 -0.00193444],[-0.00165877  0.00201436],[ 0.0018987  -0.00187856],[-0.00102231  0.00209283],[-0.00114304  0.00084196],[-0.00019831  0.00013859],[-0.00114094 -0.00094964],[-0.00165457 -0.00299366],[-0.00264837  0.00165714],[ 0.00129927 -0.00040648],[-0.00287375  0.00231518],[-0.00078532  0.00269377],[ 0.00254871 -0.00181698],[-0.00255174 -0.00023903],[-0.00012692 -0.00072577],[ 0.0010272  -0.00295082],[-0.00021744  0.00290006],[-0.00295221  0.00229283],[ 0.00169369  0.002494  ],[-0.00067816  0.00027921],[-0.00112523  0.00094918],[-0.00118867  0.00234079],[ 0.0015824 -0.0007423],[-0.0003963   0.00099787],[ 0.00013019  0.00238014],[ 0.00044301  0.00015116],[ 0.00036667 -0.00236035],[ 0.0012633   0.00229073],[ 0.00204882 -0.00036225],[  3.13033925e-05   2.66047381e-03],[-0.00284232 -0.00178775],[ 0.00090593 -0.00063852],[-0.0015406 -0.0025557],[ 0.00248259 -0.00078881],[-0.00128018  0.00212216],[ 0.00065103  0.00085767],[ 0.00241204  0.00050068],[ 0.00113198 -0.0024458 ],[-0.0012144  -0.00192024],[-0.00200738 -0.00064603],[-0.00263649 -0.00285396],[ -2.67141685e-03   4.99191665e-05],[-0.00036149  0.0024451 ],[ 0.00252636 -0.0006792 ],[ 0.00011101  0.00119519],[-0.00175504  0.00219574],[ 0.00099437  0.00015394],[-0.00045241  0.00256268],[ 0.00163094  0.0015569 ],[-0.00251751  0.00229842],[ 0.00034723  0.00194631],[-0.00181488 -0.00014727],[-0.0012683 -0.0007976],[ 0.00175725 -0.00020243],[-0.00144863 -0.00152663],[-0.00270192  0.00123419],[ 0.00076908 -0.00245558],[-0.0013456   0.00296269],[ 0.00139985  0.00292404],[ 0.001386    0.00217851],[-0.00027176  0.0014172 ],[ 0.0011399  -0.00056925],[-0.00135701 -0.0016094 ],[-0.00136388 -0.00073898],[-0.00148577  0.00046458],[-0.00034929 -0.00181488],[ 0.00217362 -0.00020791],[ 0.00288539  0.00054521],[ 0.0017597   0.00163781],[-0.0009988   0.00117063],[-0.00237828  0.00179404],[-0.0010839  -0.00143606],[-0.00065418 -0.00041964],[-0.00013199  0.00123862],[  5.38177665e-06   6.17038226e-04],[-0.00250191  0.00235267],[-0.00274476  0.00233171],[ 0.0017916   0.00166168],[-0.00115596 -0.00294197],[-0.00121463 -0.00047459],[ 0.00071372 -0.00055429],[ 0.00111917  0.0004048 ],[-0.0021529 -0.0001361],[ 0.00220179 -0.00062321],[-0.0007891  -0.00132942],[-0.00108425 -0.00034839],[ 0.00218363  0.00052588],[-0.00216198  0.00063438],[ 0.00260064 -0.00084056],[-0.00076372  0.00295943],[  1.37028424e-03  -2.85612296e-05],[ 0.00021648  0.00111754],[ 0.0007703  -0.00259551],[-0.00265675 -0.00118611],[ 0.00015368 -0.0009995 ],[ 0.00160521  0.00058147],[-0.00173735 -0.0024777 ],[-0.00083526  0.00254871],[ 0.00138134  0.00096518],[ 0.00283673  0.00122698],[-0.00115724  0.00298923],[-0.00095465 -0.00050877],[ 0.00026006 -0.00165609],[ 0.00011889 -0.00273149],[-0.00195662 -0.0026635 ],[-0.0025068   0.00155678],[ 0.00017131  0.00104117],[ 0.00213334  0.00271333],[-0.00194946 -0.00201017],[-0.00146586 -0.00129601],[ 0.0008586  0.0027585],[-0.00293219  0.00295454],[ 0.00246955  0.00096885],[ -1.69159472e-03   9.07942085e-05],[-0.00132814 -0.00019608],[-0.00151895  0.00159043],[-0.00271752 -0.00017545],[ -4.91540937e-04   9.49342793e-05],[-0.00102976  0.00275547],[ 0.00089923  0.00154957],[-0.00072298  0.00165551],[-0.002243    0.00046108],[-0.00136505  0.00113256],[ 0.00068066  0.00207047],[ 0.00090732 -0.00292334],[ 0.00125585 -0.00282928],[ 0.00074958  0.00080773],[ -8.91083444e-04  -1.82710737e-05],[-0.00028716  0.00271216],[-0.00051244  0.00118448],[-0.00255058 -0.00124304],[-0.00205953 -0.0020118 ],[-0.00206698  0.0019164 ],[-0.00202135  0.00053613],[ 0.0023061  -0.00082513],[-0.00281414 -0.00268632],[ -5.44277776e-04  -5.77882165e-05],[ 0.00189428  0.00223811],[-0.00283556 -0.00257642],[-0.00173886  0.00047171],[ 0.00227909  0.00147913],[-0.0002041   0.00133862],[-0.00081663 -0.00140859],[-0.0002692  -0.00109356],[-0.0016732  -0.00261321],[-0.00033465  0.000726  ],[-0.00094213 -0.00018606],[ 0.00150719  0.00089341],[ 0.00177099  0.00129589],[ 0.00063078 -0.00282672],[ -5.03811971e-05  -2.48561567e-03],[-0.00202856  0.00074713],[ 0.00079434 -0.00020983],[-0.00207909 -0.00064702],[ 0.00228957 -0.00203741],[ 0.00096338 -0.00291077],[-0.00034225 -0.00091605],[ 0.00068514  0.00120928],[-0.00219527  0.00220784],[-0.00077635 -0.00262485],[ 0.00284418 -0.00126306],[ 0.00031751  0.00297201],[ 0.00186692  0.00186133],[ 0.00132407 -0.00262881],[ 0.00122465  0.00126015],[ 0.0007157  -0.00145597],[ 0.00264324 -0.00267887],[  3.63602448e-05   1.19100232e-03],[ 0.00142791  0.00046673],[ 0.00265978  0.00277875],[-0.00019859 -0.00193921],[ 0.00149974 -0.00285442],[ 0.00080499  0.00182908],[ 0.00147797  0.00196104],[ 0.00203485  0.00020135],[-0.00024057  0.00152663],[-0.00148542 -0.00113256],[-0.00033401  0.00144107],[-0.00202903 -0.00182291],[ 0.00187856  0.0012619 ],[-0.0006065   0.00050289],[ 0.00155737 -0.00069882],[-0.0009054   0.00042098],[ 0.00149625 -0.00224859],[ 0.00136283 -0.00128088],[-0.00053456  0.00027633],[-0.00033716 -0.00199317],[ 0.00195435 -0.00184294],[ 0.00286863  0.00054375],[ 0.00127005 -0.00281135],[-0.00278644  0.00048795],[ 0.00232193 -0.00138833],[ 0.00080447  0.00086378]
-0.00294057,0.00111906
