"[ 0.18444149  0.7967754   0.63916564 ...,  1.64370036  0.4119539
 -0.44395599]","[-0.21409518 -2.95964718 -0.18377227 ..., -2.32087803 -1.83283603
 -1.09048104]","[ 0.0398369   0.4249717   0.61263722 ...,  0.07265586 -0.17400561
 -0.63548309]","[ 0.37466472  0.85429454 -1.01740849 ...,  0.44338065 -1.49607337
 -0.18703432]","[ 0.01372927  0.72876561 -2.00489402 ..., -1.51926637 -0.29871669
  1.36788464]","[ 0.10569902 -0.23720717 -0.63951468 ...,  0.52029312 -0.12869984
  0.73901772]","[ 0.02518794 -0.07889149 -1.05938971 ..., -0.2937448  -0.04795287
 -0.92409253]","[-0.3709096  -3.05120111 -0.38289285 ..., -0.44973865 -0.93338132
 -0.30963519]"
-0.597336,-1.0397,0.825174,-0.279252,0.323851,0.828722,0.203243,-0.534273,1.44025,-0.35425,-0.205956,0.158529,0.281769,-0.466243,0.978259,-0.597693,-0.636582,0.0979124,0.141537,-1.06491,0.885104,0.924874,1.31354,0.686186,0.0776683,0.999683,-0.415135,0.986912,0.0738854,0.624631,-1.14683,0.719825,-0.340451,-0.526744,1.01826,0.528803,-1.02229,0.701565,-0.439296,1.55338,0.24812,-0.80667,-0.130031,0.313107,0.0429501,1.4856,-0.393619,-1.5653,-0.24041,0.054271,-0.821512,0.388701,-0.268031,0.382069,-0.614753,-0.459386,0.622583,-0.256169,1.00237,1.69283,0.473365,-0.077061,0.956739,-0.0357398,-0.0530014,0.634715,-0.711886,-0.647478,-0.507408,-0.352294,1.33041,0.135298,0.127056,0.706294,-0.820765,-0.641782,0.66291,-0.294014,-0.222537,0.363399,-0.252269,-0.681011,1.53086,-0.286753,-0.831764,0.602761,-1.02623,-0.653239,1.10343,-0.454298,0.0332529,0.380373,0.170375,0.846665,-0.676359,-0.797891,0.41715,-0.479559,0.867123,0.644241,-0.643963,-1.0751,-0.294407,-0.391079,0.777469,-0.213279,0.370052,1.40959,-0.0539827,-0.832896,-0.886362,0.997228,-0.86418,1.06223,-0.0260505,-0.244554,-0.777989,-0.44629,-0.858735,-0.5065,-0.847202,0.604383,-0.467441,0.319943,0.679531,0.680729,0.279008,0.249288,-0.257791,0.0818512,0.427013,-0.343796,0.780793,-0.966532,-0.697636,-1.52846,-0.465135,-0.0106172,-1.22634,0.14189,-0.354152,-0.327829,1.26741,-1.41532,0.174868,-0.604131,0.458992,1.20517,-0.708488,-0.48086,-1.00097,-0.116729,0.202359,-0.457606,0.0195659,-0.607989,-0.373691,1.29353,1.10767,-0.582673,0.977567,1.89616,0.105714,-0.227862,-0.347302,-0.451313,0.714457,0.134075,0.0162499,-0.140617,-0.46232,0.235202,-0.47116,-0.2817,1.78024,1.05422,-0.732685,-0.118856,0.790798,-0.881401,1.15866,-0.446519,-0.538147,-0.333719,0.180514,1.575e-05,-0.0320812,-0.792736,-0.481934,1.11192,1.46169,0.275993,-0.0115775,-1.13225,0.00960962,-0.918711,1.04259,0.11767,1.37692,0.552968,-0.588106,0.0429117,-0.0895056,0.777598,0.467323,-0.865739,0.0809334,-0.00914818,-0.230524,0.865379,-0.103897,-0.0380673,-0.285145,-0.0941034,1.74313,-0.664928,2.27618,1.36083,1.25375,-1.25563,1.00969,0.29983,0.960993,0.0569781,1.28988,-0.669697,0.822486,1.2002,-0.404573,1.01427,0.417032,0.203101,1.06184,0.0597458,1.17514,0.368854,0.781691,0.854964,0.0104556,0.0929513,0.69942,1.33079,0.0343816,1.62148,0.104494,1.11892,0.882321,0.804809,0.940643,-0.633154,-0.504411,1.54401,1.70494,1.04714,-0.676733,-0.467828,0.913601,0.517806,-0.266015,-0.474355,-0.791999,-0.675469,0.0162758,-0.650146,-0.585653,0.200283,-0.996529,0.185941,-0.848855,0.202939,-0.0746504,1.30983,-0.778396,-0.361223,0.815977,-0.447115,-0.0878274,1.03084,1.61249,-0.303824,-0.43242,-0.734396,-0.99182,-0.304773,-0.810216,-0.878256,-0.990255,0.487476,-0.444112,-0.907224,0.495916,-0.947488,-0.637589,1.03144,1.44004,-0.284283,-1.26918,0.21998,-0.259416,-0.709155,0.302602,0.56878,0.717411,-0.592112,0.434618,-0.2133,0.622642,0.911715,-0.362139,-0.522174,-0.535286,-0.0711313,-0.237397,0.389453,0.468622,-0.466745,0.112995,0.991374,0.480444,0.561606,0.405354,0.0280711,0.0408396,-0.628778,1.8996,-0.324515,-0.85048,0.410607,-1.08159,-0.146236,0.452184,-0.23261,-0.482908,0.581214,1.29922,-0.311292,0.507631,-0.109563,0.306744,1.11482,-1.24645,0.214391,-0.495584,0.801299,-1.30145,-0.232406,-0.100664,-0.581248,0.933814,0.613131,-0.520343,0.395542,-0.561218,-0.314463,-0.318868,-0.207604,-0.153536,-0.44035,0.914387,-0.470072,-0.240437,0.855844,1.84792,-0.272143,3.06703,-0.416928,-0.0944308,1.44338,-0.446669,-0.865798,0.206918,-1.13745,-0.224298,-1.26238,0.571393,-0.451675,-0.859659,-1.07105,-0.575913,1.56373,-0.0969966,-0.535167,-0.243849,-0.0521808,-0.455043,-0.345764,-0.41874,-0.252286,-0.119238,0.447541,0.802274,-0.0830109,-0.015625,-0.841003,0.313019,-1.1703,0.476428,-0.0183224,2.4138,-0.233735
"[-0.03805619  0.00732611  0.01220095 ...,  0.03529944 -0.07470421
  0.01549322]","[-0.06030764  0.03085791 -0.05758815 ..., -0.01941553 -0.07832524
 -0.07310977]","[-0.05875418 -0.0216675  -0.07714058 ..., -0.03300836  0.08332464
 -0.02711394]","[ 0.01383544 -0.04821519  0.03739681 ..., -0.02890211 -0.0244615
  0.01200351]","[ 0.04351754  0.01333531 -0.02913494 ...,  0.04969788 -0.04507101
 -0.04253405]","[ 0.06087017 -0.07408581 -0.02813469 ..., -0.01240118  0.1037544
  0.00303557]","[-0.00302858 -0.0394979  -0.03885714 ..., -0.06209208  0.02259883
 -0.02879407]","[-0.03595883  0.01020044 -0.0047859  ...,  0.02413367 -0.07584417
 -0.00484224]","[-0.00190883 -0.08703508  0.00335292 ...,  0.01749139 -0.00023932
 -0.00545925]","[ 0.03049655  0.02300303  0.02390829 ..., -0.0162788  -0.04538393
 -0.01596773]","[-0.02702826  0.0059659  -0.00788142 ...,  0.0281142  -0.07152277
 -0.01100232]","[-0.05032373 -0.06167112  0.038425   ...,  0.02830978 -0.02377418
 -0.00623924]","[-0.14435686 -0.0518474  -0.01063258 ..., -0.04250797  0.02129869
  0.00245977]","[ 0.01366407 -0.01606832 -0.04900869 ..., -0.02085724 -0.05695483
 -0.0483344 ]","[ 0.06621043 -0.00788049 -0.08450186 ..., -0.02507059  0.01662153
 -0.10283051]","[-0.03060086 -0.04931789  0.01316674 ..., -0.04571549 -0.08979183
 -0.0433648 ]","[ 0.00818503  0.00263603  0.00715987 ..., -0.0422621  -0.00555518
 -0.03893537]","[-0.04523865 -0.00867585 -0.02895054 ..., -0.07780369 -0.0259386
  0.01124167]","[-0.02344262 -0.00247979 -0.01208826 ..., -0.07028596 -0.00724648
  0.00459357]","[ 0.02866555 -0.01030289 -0.08947145 ..., -0.07440618 -0.06719393
  0.04447123]","[-0.03168586 -0.03456183 -0.02536862 ..., -0.01238256  0.00941626
 -0.04460162]","[-0.04620723 -0.00909588 -0.02710836 ..., -0.05693248 -0.01317419
  0.00429648]","[ 0.02609693 -0.01124447 -0.04375224 ..., -0.05940238  0.02477443
 -0.03940477]","[ 0.01813774 -0.03453575  0.00576147 ..., -0.00776011 -0.02016246
 -0.02499795]","[-0.05651525  0.02396603 -0.05244718 ..., -0.03321698 -0.07199962
  0.03655861]","[-0.02684944 -0.08295956 -0.01892937 ..., -0.00105619 -0.02002463
 -0.05417946]","[-0.10460377 -0.08450931 -0.00449765 ..., -0.0116971  -0.04606567
  0.02918337]","[ 0.00395654 -0.00028826 -0.0114298  ..., -0.04240739 -0.03877891
 -0.01621174]","[-0.00359879 -0.03976985  0.00416842 ..., -0.04378204  0.01763482
  0.02255413]","[-0.02755726 -0.02057225 -0.05324067 ...,  0.00508672 -0.07341524
 -0.03071076]","[-0.01473325  0.02792048 -0.03952025 ..., -0.04532433 -0.00456424
 -0.03747877]","[ 0.02937523 -0.04868831  0.04385655 ..., -0.04550687  0.03317228
 -0.03540375]","[-0.01156857  0.00751471 -0.0450412  ..., -0.00646882 -0.03796679
 -0.01038391]","[-0.08082867 -0.00224743  0.02630927 ...,  0.03341815 -0.06528655
 -0.00954664]","[-0.09786092 -0.04999963 -0.03619725 ..., -0.05375477  0.01005795
 -0.0927274 ]","[-0.03244584  0.017985    0.02185563 ...,  0.01485711 -0.04716465
 -0.03902105]","[-0.0058397   0.00883324 -0.01624527 ..., -0.03446497  0.01053758
 -0.00779457]","[-0.05435455 -0.01928142 -0.04946318 ...,  0.01828489 -0.0120063
  0.02009913]","[-0.01974895 -0.0400865  -0.01518588 ...,  0.00332335 -0.07153022
 -0.03635744]","[ 0.0357204  -0.05397457  0.00551606 ..., -0.00732751 -0.02285402
  0.04790226]","[-0.07453284 -0.06257451 -0.02216297 ..., -0.00262648  0.04398321
  0.04038453]","[ 0.01517191  0.02350409 -0.01234158 ...,  0.02655142 -0.03196154
 -0.00932592]","[-0.05604585  0.0256741   0.03510945 ...,  0.01197929 -0.04301089
 -0.03626058]","[ 0.00967237 -0.01775776 -0.03281837 ..., -0.07235725  0.02613604
 -0.03662566]","[ 0.0423217  -0.08209528  0.02037481 ...,  0.02650485  0.01106472
  0.00784137]","[ 0.03719564  0.00331031  0.01160117 ...,  0.02813282  0.02580076
 -0.06600183]","[ 0.02130428  0.01309782  0.01287617 ...,  0.02379281 -0.09957457
 -0.02139741]","[-0.02184632 -0.00426621 -0.01863693 ..., -0.00652703 -0.03202115
  0.00390334]","[-0.0211534  -0.03957986  0.00844488 ...,  0.04131959  0.02564243
  0.00360322]","[-0.06659043 -0.00135957 -0.08484458 ..., -0.01088218 -0.01900575
 -0.04459044]","[-0.03432341 -0.02290617  0.01018647 ..., -0.05172446 -0.04153194
 -0.03205095]","[ 0.01866301  0.02689229 -0.00930636 ..., -0.04295129  0.0077494
  0.02393995]","[-0.01342286  0.02133594  0.00505738 ...,  0.02928209  0.00557148
 -0.04765267]","[-0.09741388 -0.0378513   0.01392112 ..., -0.05694738 -0.08095533
 -0.00891799]","[-0.08991849  0.0008387   0.01047518 ..., -0.00028634 -0.08325759
 -0.01382799]","[ 0.01715984 -0.04298109 -0.01103305 ..., -0.03573531  0.0127346
  0.03021156]","[-0.05115821  0.00836758  0.00069021 ..., -0.04858027 -0.09925419
 -0.03234152]","[-0.03395832  0.00850541 -0.06763352 ..., -0.02388407  0.0039449
  0.00392721]","[-0.01797941 -0.093316   -0.0216675  ...,  0.02290617 -0.04106999
 -0.00853428]","[-0.03474065 -0.00654472  0.0444377  ..., -0.03443144 -0.05825498
  0.00300879]","[-0.05841889  0.01319655  0.01522685 ..., -0.00691167  0.01137113
 -0.01889026]","[-0.0411296  -0.00790563  0.0202202  ..., -0.02187239 -0.03071635
  0.0001797 ]","[-0.01333345 -0.06078449  0.0239977  ..., -0.01073503 -0.04805873
 -0.01912495]","[ 0.065294    0.00668768 -0.00327306 ..., -0.03114104  0.01832773
 -0.02613232]","[ 0.0022465   0.00908563 -0.03169704 ..., -0.00152896 -0.09201213
 -0.00515936]","[-0.06752176 -0.05312146 -0.08103729 ...,  0.00405154  0.00590443
 -0.00257502]","[-0.0480401   0.02697238 -0.02027608 ..., -0.06106761 -0.0428209  -0.0009628 ]","[ 0.01272995 -0.00582154 -0.05912298 ...,  0.01502476  0.04358087
  0.00353523]","[-0.08466577 -0.00968169 -0.02915729 ...,  0.01183121 -0.02708228
 -0.07535242]","[-0.00102534 -0.01936151  0.03321698 ...,  0.00616893 -0.0052511
 -0.01846743]","[ 0.00235919 -0.08626767 -0.03689761 ...,  0.03284445 -0.01653585
 -0.07091182]","[-0.04283953  0.0006547   0.03597746 ...,  0.01758639 -0.07942049
  0.03300464]","[-0.03376833  0.02565175 -0.02458444 ..., -0.04003062 -0.11115292
 -0.02036736]","[ 0.00538055  0.0239828  -0.04428124 ..., -0.08376423 -0.02159299
 -0.08474772]","[ 0.02317067 -0.03290778 -0.01780805 ...,  0.0215427  -0.00177879
 -0.01550439]","[-0.09954477 -0.04813696 -0.00338622 ..., -0.006541   -0.02485452
 -0.05598252]","[-0.02741756 -0.06337918  0.00391184 ..., -0.04764894 -0.07264782
  0.00416004]","[-0.03563845  0.01839293 -0.05345674 ..., -0.01546434 -0.03955005
 -0.08538103]","[-0.00474212  0.01962043  0.00849889 ..., -0.00762786 -0.07255097
 -0.04698211]","[ 0.02765598 -0.01588577 -0.07343014 ..., -0.02829487 -0.04365165
 -0.05008904]","[-0.06450424 -0.051039   -0.02753491 ..., -0.0562284  -0.07336309
 -0.08487438]","[-0.14270282 -0.00166028 -0.01605155 ..., -0.03234525 -0.05644819
  0.01822901]","[ 0.06600182 -0.04868086 -0.05039824 ...,  0.0015491   0.04010513
  0.0469672 ]","[-0.03110192 -0.01417631  0.03466986 ...,  0.00581223  0.01012966
 -0.04882614]","[ 0.01714121 -0.00441662  0.00932685 ..., -0.03385401 -0.02914053
 -0.03962829]","[-0.01935406 -0.01922926 -0.03408126 ..., -0.016588   -0.11148075
 -0.02876054]","[ 0.04066765 -0.06704491 -0.01640546 ..., -0.02881829 -0.05455199
  0.00464107]","[ 0.00377621 -0.00940881 -0.07763978 ..., -0.0618313  -0.12596859
  0.00683669]","[-0.00892917  0.00651445 -0.03154058 ..., -0.03598863 -0.06677669
  0.00798014]","[-0.00066966 -0.01497074 -0.01529857 ...,  0.01677613 -0.05441788
  0.02297882]","[-0.00938645 -0.05873555 -0.03381303 ..., -0.03997102  0.07383247
  0.01084492]","[-0.08368973  0.03297483  0.01436723 ...,  0.00247886 -0.04817794
 -0.01481055]","[-0.05677602 -0.02440935 -0.0358955  ..., -0.05094587  0.02267707
  0.00047421]","[-0.03775817 -0.00995457  0.00608464 ..., -0.0696303  -0.06352074
 -0.03240485]","[-0.03551924 -0.04941102 -0.07715549 ...,  0.0065368  -0.10135528
 -0.00520453]","[-0.16298355  0.01007844 -0.00282462 ..., -0.00482501 -0.042277   -0.00918063]","[ 0.02870653  0.0055277   0.0455106  ..., -0.00978972 -0.04993257
 -0.00332428]","[ 0.04031747 -0.02581008 -0.02129683 ..., -0.0521268  -0.02822223
  0.02080322]","[-0.01742248 -0.06062429 -0.03212918 ...,  0.01436816 -0.04932534
 -0.04189329]","[ 0.01575539  0.00174317 -0.06399759 ..., -0.04988414  0.02650485
 -0.10940202]","[-0.06550263  0.03168959 -0.07185061 ...,  0.02417279 -0.09716055
  0.00816454]","[-0.04095823  0.00296153 -0.00659967 ...,  0.03078713 -0.0572007  -0.0326321 ]","[-0.01993522 -0.03245701 -0.09224311 ...,  0.01325336 -0.05924964
 -0.10055061]","[-0.07290114  0.02904181 -0.04682937 ..., -0.00901206 -0.1037544
 -0.04138292]","[-0.02702826 -0.01053572  0.05959982 ...,  0.01445385  0.01603665
 -0.01710582]","[-0.06245343 -0.01763668  0.01962229 ..., -0.01701083  0.03482632
 -0.05144878]","[-0.02613232 -0.0455851   0.01552488 ..., -0.01345546  0.01245707
 -0.07453284]","[ 0.03015568 -0.06290234  0.02711208 ..., -0.02256717 -0.01175577
  0.01284636]","[ 0.0001308  -0.0302246  -0.08443479 ..., -0.05261109 -0.07191766
 -0.09748093]","[-0.02206425 -0.01755659  0.00574331 ..., -0.01228197  0.03582472
 -0.02152594]","[-0.0152343   0.01242726 -0.00776104 ...,  0.01027216  0.03084487
 -0.02521588]","[-0.02741197 -0.00885001 -0.09964163 ..., -0.01975268 -0.0268569  -0.0071445 ]","[ 0.03874911  0.03865225  0.02539842 ..., -0.0399822  -0.10396302
 -0.00883511]","[-0.02744364  0.00386236  0.0109362  ...,  0.03601843 -0.01074341
  0.01067822]","[ 0.06540577 -0.05814322 -0.04760051 ..., -0.02665759  0.0183296
  0.01085424]","[-0.00329751 -0.03577629  0.00288399 ..., -0.00921043  0.02365683
 -0.06981657]","[-0.04605822  0.01923672  0.00893103 ...,  0.01907466 -0.05873182
 -0.04052982]","[ 0.00252822 -0.01051896 -0.04214662 ..., -0.05774461 -0.10944672
  0.02643407]","[ 0.00370357  0.01653771 -0.03877145 ..., -0.02971051  0.00641713
  0.04501513]","[-0.07462225 -0.04027277 -0.10403752 ..., -0.00415911 -0.10248779
  0.04951161]","[-0.04352872 -0.00103116 -0.04122273 ..., -0.05261482 -0.07318427
 -0.0436442 ]","[ 0.05655622  0.0267619  -0.0299601  ..., -0.00933523 -0.10303169
  0.01819921]","[ 0.0174709  -0.03645057  0.00956434 ...,  0.03444262 -0.0159845
 -0.02573929]","[-0.02067097  0.02858545 -0.04724288 ...,  0.03955378 -0.03522121
  0.01640546]","[ 0.0238729  -0.05676484 -0.01659731 ..., -0.04218014 -0.07485323
 -0.02374438]","[-0.02722943  0.02113478  0.02108262 ..., -0.00475516 -0.11527315
 -0.03262838]","[-0.04842754 -0.04031003  0.00509277 ..., -0.01066797 -0.04408007
 -0.01529391]","[-0.01835195 -0.05586331 -0.01756963 ...,  0.0447469  -0.01600499
 -0.01736101]","[-0.03775072 -0.03207703  0.0422025  ..., -0.04152821 -0.01770188
 -0.02361399]","[-0.02986324 -0.01155088  0.00056471 ..., -0.02076783  0.00116178
 -0.00817479]","[ 0.00039633  0.00381975 -0.05509217 ..., -0.03969534 -0.13061781
 -0.09467947]","[-0.02775843 -0.03085977 -0.00195423 ..., -0.00313639 -0.01615959
 -0.06672454]","[ 0.02587527  0.03338835 -0.0439236  ..., -0.01295812 -0.00837316
  0.00265721]","[-0.05644819  0.03355971 -0.04720563 ..., -0.02064489 -0.08468067
 -0.03636489]","[-0.10576608 -0.04889693  0.01527249 ...,  0.01221585 -0.02574115
  0.02976638]","[-0.00590536 -0.00301601 -0.05819537 ..., -0.00782647 -0.0277398
 -0.09849422]","[-0.09975339  0.00822601 -0.01483569 ..., -0.04122273 -0.06836369
 -0.00760691]","[-0.10609391  0.02700591 -0.03713976 ..., -0.03734093 -0.02473159
 -0.0872884 ]","[ 0.02000786 -0.03470711 -0.0707032  ..., -0.03230427 -0.0499363
  0.03128726]","[ 0.00834336  0.00052507 -0.02685131 ..., -0.01818431 -0.04352499
  0.01120069]","[-0.00344256 -0.04705661 -0.01266382 ..., -0.04228073 -0.04279482
 -0.03341442]","[ 0.05159407  0.00587649 -0.00879413 ..., -0.03979965  0.00533399
 -0.04396085]","[ 0.00297689 -0.02136388 -0.01991845 ...,  0.02381143 -0.04723915
  0.04330147]","[-0.03510945  0.02713071  0.04124136 ...,  0.01994267  0.04561118
 -0.11784363]","[-0.09557356 -0.03388754 -0.00916759 ..., -0.07936089 -0.01886232
  0.03023019]","[-0.04579372  0.00218712 -0.00599523 ...,  0.00431604 -0.12953001
 -0.05382928]","[-0.01822342  0.00717384  0.07764723 ..., -0.01033176 -0.03875283
 -0.01424802]","[-0.05483139 -0.02006002  0.0344687  ...,  0.00282695 -0.04262719
  0.02081812]","[-0.09006751 -0.0066006  -0.00754171 ..., -0.0042257  -0.02241443
 -0.04706406]","[-0.06762607 -0.00176203 -0.04821147 ..., -0.01339585  0.01343683
  0.01992031]","[-0.01065866 -0.03060645 -0.01034107 ..., -0.04604705 -0.0264825
  0.04022061]","[-0.03320207  0.02384682 -0.0350126  ...,  0.0118489  -0.06241618
  0.03748994]","[-0.04135312 -0.02133781 -0.09502221 ...,  0.01434767 -0.07366111
 -0.02623849]","[-0.03908439 -0.0300253  -0.01881389 ..., -0.01457026 -0.04796932
 -0.00459777]","[-0.02524196  0.0145684  -0.04225093 ..., -0.06086272  0.02792048
  0.00402779]","[-0.06197287 -0.01637752 -0.00564691 ..., -0.05946571 -0.04626311
 -0.02879035]","[-0.02933983 -0.01628066  0.02996383 ..., -0.02309989 -0.0123807
 -0.02435906]","[ 0.00972267  0.03079644  0.01340516 ..., -0.03107025  0.03179763
 -0.02083116]","[ 0.01324032 -0.05604958  0.0472168  ..., -0.00727116 -0.0050015
  0.02419887]","[-0.04411732 -0.04871066 -0.02206797 ..., -0.02867858 -0.06226344
 -0.04785011]","[-0.07599318 -0.00890682 -0.00212565 ...,  0.00467414 -0.06721628
 -0.04432222]","[-0.03573531  0.01489623  0.0131714  ...,  0.01177719  0.00703088
  0.00737501]","[ 0.05981589  0.0264974   0.05399319 ...,  0.02615467 -0.03547081
  0.04547334]","[-0.05395593 -0.05880633 -0.05225718 ..., -0.05336734  0.00728653
 -0.08839855]","[-0.0461141   0.01353183 -0.07822838 ..., -0.01767207 -0.09794287
 -0.02079391]","[-0.01670535 -0.03059341 -0.04111842 ..., -0.07046477 -0.07844445
 -0.06545047]","[-0.10163841 -0.0416884  -0.02841409 ..., -0.03179017 -0.16569561
 -0.03529199]","[ 0.04197152 -0.04478415  0.05987922 ..., -0.02746971 -0.09488064
 -0.02957267]","[-0.03830207  0.00504108 -0.05603468 ..., -0.06053861  0.0219171
 -0.11676328]","[ 0.03613019 -0.04433339  0.01766649 ...,  0.00394071 -0.06144014
 -0.04647546]","[-0.00781925 -0.00285559 -0.02001345 ...,  0.03451712 -0.04254523
 -0.0350722 ]","[ 0.06070253 -0.03443889  0.02055176 ..., -0.04604332  0.00414747
 -0.0406155 ]","[-0.02162838  0.04177408  0.04614018 ...,  0.0477756  -0.04522002
 -0.00269423]","[ 0.01389877  0.01900575 -0.00223858 ..., -0.01846557 -0.03200625
 -0.03583217]","[ 0.00137645  0.02152407  0.03286307 ..., -0.01382613  0.01220188
  0.0134508 ]","[-0.0844944  -0.03784757 -0.01538891 ..., -0.0458347  -0.04457181
  0.02484894]","[-0.05402299 -0.04978729 -0.09789072 ..., -0.07503204  0.00108483
 -0.10475279]","[ 0.02513392 -0.04366283  0.07653708 ..., -0.03251662 -0.07579946
  0.0031429 ]","[-0.03139901  0.00117272 -0.09885185 ..., -0.07023381  0.02579517
 -0.02198602]","[-0.06898955  0.01905045 -0.07059143 ...,  0.01170827 -0.02887044
 -0.05089371]","[ 0.0146485   0.00487297 -0.03522866 ..., -0.04950789 -0.01228756
  0.01778197]","[-0.03698702 -0.00423175 -0.06220011 ..., -0.03909557  0.01737963
 -0.05152329]","[-0.05320342  0.01578333 -0.07500969 ..., -0.03475555 -0.09025377
 -0.04676604]","[-0.05896279 -0.04545472 -0.07480107 ..., -0.01352437 -0.01270294
  0.02064862]","[-0.14545956 -0.0436442  -0.10792678 ..., -0.04088373 -0.02635025
  0.02861898]","[-0.01944347  0.02799312  0.00183956 ...,  0.03418184 -0.01801853
  0.01107962]","[-0.0615668   0.02304587 -0.00661224 ...,  0.00524365  0.01444174
  0.00827258]","[-0.08424853 -0.05126252 -0.03352991 ..., -0.04909437 -0.05491335
  0.04875909]","[-0.07531517 -0.0463786   0.02479119 ..., -0.03678958 -0.05701444
  0.01106286]","[ -3.31909023e-02   3.32840383e-02  -4.53504063e-02 ...,  -4.93700467e-02
  -1.57553804e-05  -9.73570626e-03]","[-0.0625503  -0.03028048 -0.02778823 ..., -0.02121673  0.0400269
 -0.08771309]","[ 0.042277   -0.0573907   0.02101929 ...,  0.0392185   0.00207071  0.048584  ]","[-0.03848461  0.01010079 -0.02038598 ..., -0.02211268 -0.0289971
 -0.05002198]","[-0.04836048 -0.02670416  0.06034489 ..., -0.04390125 -0.05148976
  0.02552136]","[-0.09324895 -0.02032452 -0.05104272 ..., -0.01826068 -0.05169838
 -0.0497016 ]","[ 0.03600353 -0.02193014 -0.0604641  ..., -0.04927691 -0.0778484
 -0.02921317]","[-0.01040347 -0.01209943  0.03412224 ...,  0.03052263 -0.02450993
 -0.02931934]","[ 0.00834522  0.00324535 -0.05216778 ..., -0.0308486  -0.05753226
 -0.00771587]","[-0.07862327  0.03624568 -0.00895432 ..., -0.01470717 -0.03194664
 -0.02738962]","[-0.05946944 -0.04148351 -0.0540528  ...,  0.03264328 -0.02876986 -0.010125  ]","[ 0.01329527 -0.00993501 -0.02159113 ..., -0.0127495  -0.04154311
  0.01317792]","[ 0.00186832 -0.04756698  0.0466431  ..., -0.00887795 -0.0560384
  0.00012831]","[-0.00563108 -0.02730394 -0.06220011 ..., -0.03753465  0.00050062
 -0.02337743]","[-0.0751736  -0.00930729 -0.00673611 ...,  0.00486832  0.03917007
 -0.09774915]","[-0.06588261 -0.00796058 -0.05788617 ..., -0.00772332  0.0104221
 -0.04794697]","[-0.01251201 -0.01493162 -0.01256603 ...,  0.023763   -0.06407955
 -0.05373242]","[ 0.02164142  0.00849424  0.07522576 ...,  0.03307914 -0.02479865
 -0.03187586]","[-0.05794205 -0.04482886 -0.05077823 ..., -0.02944042 -0.03439046
  0.05872064]","[ 0.00733123 -0.03237133 -0.03085791 ..., -0.00193549 -0.08135021
  0.01306057]","[-0.05717091 -0.06444463 -0.02019227 ..., -0.00306351 -0.00872707
 -0.0571113 ]","[-0.05331891 -0.00228934 -0.02183328 ..., -0.03491573  0.02218905
 -0.07296821]","[ 0.06057959 -0.00683669 -0.06832644 ..., -0.07166433 -0.01799618
 -0.02098762]","[ 0.03188331 -0.02915915 -0.00109065 ...,  0.00903255 -0.07409326
 -0.02807881]","[ 0.01028147 -0.05163133 -0.03011843 ..., -0.0231744  -0.0559937
 -0.03487848]","[-0.05689896 -0.04345049 -0.00907446 ..., -0.01130873  0.0044399
  0.02673396]","[-0.01637566 -0.02803596  0.02657191 ...,  0.02573929 -0.01592303
 -0.01928701]","[ -6.46457970e-02   4.29214872e-02   2.97924615e-02 ...,  -3.58015814e-06
  -4.21540663e-02   2.25764811e-02]","[ 0.05322949 -0.0329413   0.06001334 ...,  0.01992777  0.0585381
  0.02859849]","[ 0.02569273  0.00782647 -0.02794097 ..., -0.05582606  0.0034875
  0.00941346]","[ 0.03175664  0.01191223  0.06064292 ..., -0.04703426 -0.01540567
 -0.02735609]","[-0.03388009 -0.02262118 -0.05262599 ..., -0.04849832  0.01789559
 -0.04747758]","[ 0.03948672 -0.01805392 -0.02106399 ..., -0.00971335 -0.01474908
 -0.06337918]","[-0.03839147 -0.0259982   0.00077379 ..., -0.05251423 -0.03405145
 -0.00596962]","[-0.00790563  0.02020158 -0.01446502 ..., -0.00953268 -0.03969907
 -0.03312757]","[-0.03193546 -0.04685917  0.02863015 ..., -0.02064676 -0.11981806
 -0.05101665]","[ 0.04182996 -0.05238012  0.00928773 ..., -0.04230681 -0.00862462
 -0.01694377]","[-0.06155563 -0.05777441  0.03399185 ..., -0.03938242  0.02760383
 -0.01832215]","[ 0.04693368  0.0325725  -0.02242374 ..., -0.03286307  0.00558591
 -0.02671906]","[-0.06013255  0.02200837  0.00966679 ..., -0.0060255  -0.00418099
 -0.00529859]","[ 0.01366966  0.03979965 -0.07738645 ...,  0.01737591 -0.00412931
  0.0254245 ]","[-0.00288306 -0.02478188 -0.02593301 ..., -0.0123332  -0.0127672
  0.01974523]","[ 0.04858027  0.00756267 -0.03783267 ...,  0.02640054 -0.0256443
  0.01220654]","[ 0.00521664 -0.02237159  0.04324932 ...,  0.03913654 -0.05200014
  0.01913241]","[-0.06592731 -0.05294637 -0.04463514 ...,  0.00418146 -0.06860211
  0.0146308 ]","[-0.01138231 -0.03792953  0.00547136 ...,  0.03634999 -0.06629985
 -0.04706034]","[-0.07769194  0.01261353 -0.04756326 ...,  0.02523079 -0.04231053
 -0.08188666]","[-0.06764842  0.03192801 -0.06053116 ..., -0.06947384 -0.09255603
  0.03195409]","[-0.0663073  -0.02897289  0.00321974 ..., -0.00988193 -0.03602216
 -0.09010476]","[-0.05238757 -0.04322696  0.03448732 ...,  0.01360261 -0.10729347
  0.01826254]","[ 0.01776893 -0.01940063  0.05339341 ..., -0.00155411 -0.03669645
 -0.01047798]","[ 0.02179416 -0.01539077  0.01207335 ..., -0.0477458   0.03324305
 -0.06428072]","[-0.04382674 -0.07940559 -0.01901506 ...,  0.0320435   0.01146426
 -0.01124819]","[-0.01563106 -0.03461398 -0.05528589 ..., -0.00893942 -0.00704252
 -0.08412932]","[-0.05335616  0.0114     -0.00718455 ..., -0.06696296  0.00209026
 -0.10054316]","[-0.02039157 -0.03405891  0.01055994 ..., -0.0220568  -0.07201452
 -0.01770374]","[ 0.05997608 -0.00209748 -0.00764276 ..., -0.02019227 -0.03341815
 -0.08543319]","[-0.01725856 -0.01068846 -0.00636171 ..., -0.01672956  0.04834931
  0.00010158]","[-0.00520919 -0.01953474 -0.03235643 ...,  0.00159171 -0.02950002
 -0.02351899]","[-0.05604958  0.01086262 -0.07103103 ..., -0.02264354 -0.02146633
 -0.08442734]","[-0.02140486 -0.05894417  0.02434788 ...,  0.01676495  0.00239807
 -0.03184606]","[ 0.02369408 -0.05315872  0.01627694 ...,  0.04234033  0.00677895
  0.03887204]","[ 0.05105763 -0.00895432 -0.02617888 ..., -0.02716051 -0.0157349
 -0.03980338]","[ 0.00766372 -0.04694113 -0.03310895 ..., -0.01356629 -0.04880752
 -0.06035979]","[-0.03302326 -0.02555303 -0.04613645 ..., -0.03745642 -0.09964908
 -0.04535785]","[-0.00349984  0.01537959  0.00485621 ..., -0.04659095  0.0411594
 -0.04244464]","[ 0.00312451  0.02689042 -0.03218878 ..., -0.05898514 -0.01345173
  0.00822787]","[-0.10449202 -0.03191684 -0.05690268 ...,  0.01357001  0.02275716
  0.00929053]","[-0.0092123  -0.04919496  0.00634728 ...,  0.02261932  0.02752559
 -0.01211806]","[-0.06078449 -0.02564244 -0.02762431 ..., -0.00570419 -0.06560694
 -0.0651897 ]","[ 0.0160888   0.03208448  0.01567157 ..., -0.05851575 -0.0076707
 -0.05611663]","[-0.05309911 -0.0264974  -0.01727532 ...,  0.01095203 -0.00108949
  0.00318621]","[ 0.01605527 -0.00442454  0.00017521 ..., -0.0295112  -0.05042059
 -0.05358713]","[-0.00173397  0.00484364 -0.04426261 ..., -0.0444824  -0.36673722
 -0.02762245]","[ 0.02286333 -0.02638192 -0.01446875 ..., -0.04783521 -0.01355232
  0.02011217]","[-0.03559747 -0.05996118  0.0200805  ...,  0.0386895  -0.00982977
 -0.06681395]","[ 0.02503707 -0.00455632 -0.00014202 ...,  0.02917219 -0.02622173
  0.05815812]","[-0.03804129  0.00051349 -0.0557292  ..., -0.04093961 -0.08861463
  0.01100232]","[-0.04703053  0.00397377  0.06201012 ..., -0.02912749 -0.03989651
  0.03292267]","[-0.03826854 -0.06063174 -0.01145868 ..., -0.03359697 -0.02445778
 -0.0647352 ]","[-0.03299346  0.01063258  0.06161523 ...,  0.0007249  -0.04867341
  0.02601497]","[ 0.00187646  0.01874497  0.03376833 ..., -0.07158983 -0.01588764
  0.02069146]","[ 0.04379694  0.00757571 -0.04819657 ..., -0.01760129  0.03212545
  0.02798381]","[-0.04712739 -0.00541362 -0.008728   ..., -0.01000672 -0.0740411
 -0.02827439]","[ 0.01153691 -0.05603095 -0.06279803 ...,  0.01530509 -0.05653387
 -0.05992766]","[-0.01156112 -0.05925709 -0.04313755 ..., -0.01871703 -0.01106286
  0.01926093]","[-0.0700848   0.00011921  0.0020253  ...,  0.02117389 -0.02052196
 -0.05944336]","[-0.05118801  0.03139902 -0.08240076 ..., -0.04140528  0.00569814
 -0.08025496]","[ 0.08299681 -0.02212385 -0.03955378 ..., -0.05824008  0.02309244
 -0.01964278]","[ 0.04374106 -0.05619859 -0.0257542  ..., -0.00299762 -0.09611001
 -0.04969043]","[-0.08985144 -0.02185004 -0.09178116 ..., -0.03145862 -0.06350584
 -0.04924711]","[ 0.04263836 -0.06032999 -0.08610374 ..., -0.00685206 -0.04077941
 -0.04184114]","[-0.01228477  0.02091312 -0.02421749 ..., -0.06135819 -0.00217874
 -0.02723316]","[-0.04884477 -0.03784757 -0.04903477 ..., -0.01136647 -0.03071262
 -0.04367773]","[ 0.00968541 -0.06078076  0.02106399 ...,  0.0047533  -0.00635799
 -0.00567159]","[ 0.04639723 -0.02924484  0.00570745 ...,  0.01604969 -0.0606988  -0.0455106 ]","[-0.08386854 -0.02049216 -0.02092988 ...,  0.00147145 -0.01364731
 -0.07781859]","[-0.06252795 -0.051568   -0.01348619 ..., -0.04372616 -0.06195424
 -0.01080115]","[-0.02898593 -0.05582233  0.01642595 ..., -0.03852559 -0.06570379
 -0.05772226]","[-0.05052863 -0.0006579  -0.01038764 ...,  0.04075333 -0.05978237
  0.02872515]","[ 0.06828918 -0.03543728 -0.07338544 ..., -0.0202556  -0.06047901
 -0.00397517]","[-0.04680329 -0.06282038 -0.06945149 ..., -0.00263137 -0.06215541
  0.01738522]","[-0.015469   -0.03532925  0.05386653 ..., -0.05689523 -0.02814027
  0.0039626 ]","[-0.15401295 -0.04840519 -0.09546924 ..., -0.00122453 -0.04671016
 -0.0524658 ]","[-0.0323974  -0.06255775 -0.02377045 ..., -0.03394715 -0.05005178
  0.01460938]","[ 0.02106772  0.04542119 -0.01268524 ..., -0.04916888  0.01005795
 -0.00179684]","[-0.0261882  -0.04622586 -0.0008075  ..., -0.05566214 -0.07988244
 -0.02371085]","[-0.02821106 -0.00072921  0.00987354 ..., -0.0221164  -0.07198472
 -0.02403495]","[-0.10673467  0.00457867 -0.01047519 ..., -0.04818166 -0.09012711
  0.02982972]","[-0.04331265  0.05125134  0.0212633  ..., -0.04163252 -0.07948755
 -0.02215738]","[ 0.02799498  0.03703545 -0.02876985 ..., -0.01435513 -0.03762406
  0.03424517]","[ 0.03950163  0.03137666  0.02898406 ..., -0.01884742  0.03182742
 -0.00252054]","[-0.00902323  0.00718269 -0.00977575 ..., -0.03020411 -0.03914399
  0.02579331]","[-0.04102156  0.00270518 -0.00542526 ..., -0.08684137  0.02697797
 -0.01214693]","[ 0.03078899  0.0188083  -0.02185936 ..., -0.07904796 -0.02750697
 -0.00378692]","[ 0.00696987 -0.0680135   0.00725579 ..., -0.01265917 -0.06294704
 -0.03228565]","[ 0.04381929 -0.03612647 -0.01549135 ...,  0.02166936 -0.01621733
 -0.01547366]","[ 0.03819031 -0.00933151 -0.0499661  ..., -0.03938987 -0.06317056
  0.02008795]","[-0.05325185 -0.01794775 -0.01014177 ..., -0.00066227 -0.07816133
 -0.05208955]","[-0.0834066   0.03112055 -0.05556529 ..., -0.05094214 -0.02651417
 -0.0458049 ]","[-0.04921358 -0.02995265  0.00258224 ...,  0.00196733 -0.09164705
 -0.04099921]","[-0.03133196 -0.04113333  0.06562929 ..., -0.02650299 -0.00918901
  0.0065857 ]","[-0.06841584 -0.01877477 -0.0358955  ...,  0.04030257 -0.02355811
 -0.07816878]","[-0.06044175  0.00134828  0.04595764 ..., -0.04818539  0.06168229
 -0.04362185]","[ 0.01249059 -0.01421263 -0.04013493 ...,  0.00861904  0.02665387
 -0.04728013]","[-0.0751587  -0.0497165   0.03563845 ...,  0.03760542  0.01059905
 -0.02729462]","[ 0.04634135 -0.00905676  0.02773421 ...,  0.03190566 -0.03651763
 -0.03211055]","[ 0.03411479 -0.02595723  0.0179254  ..., -0.03351128 -0.01747277
 -0.00536425]","[-0.02604291  0.0020097  -0.04885595 ..., -0.04646801  0.01801667
  0.00687767]","[-0.0118042  -0.00072857 -0.05046902 ..., -0.01669417 -0.02114968
  0.01607577]","[-0.07358661 -0.05244345 -0.10168311 ..., -0.04008278 -0.03335482
 -0.01722131]","[-0.0176907  -0.03131333  0.00633191 ..., -0.04450103 -0.10715191
 -0.06746215]","[-0.02928395 -0.01541964 -0.07826564 ..., -0.01691024 -0.05498413
 -0.07835504]","[-0.02062068 -0.05072607 -0.01990541 ...,  0.01515607 -0.02992844
 -0.0078423 ]","[-0.01304567 -0.03423027 -0.09403872 ..., -0.0690566  -0.02774725
 -0.01666437]","[ 0.00255873 -0.01077042 -0.06778254 ..., -0.00913779 -0.04821519
 -0.06497363]","[-0.11256855  0.02042137  0.02961178 ...,  0.00770563  0.00198898
 -0.05779304]","[ 0.00249772  0.0091946  -0.01037088 ..., -0.0551406  -0.0625354
 -0.00196244]","[ 0.08076161 -0.03713976 -0.01445664 ...,  0.02945904  0.01691769
  0.03847716]","[-0.13505842 -0.01048916 -0.02863202 ...,  0.02763363 -0.10011847
 -0.04728386]","[-0.08944165 -0.05961473  0.01869654 ...,  0.03400303 -0.09540219
 -0.04722053]","[-0.02613977 -0.05885103 -0.07375798 ...,  0.04890066 -0.0949626  -0.012051  ]","[ 0.01214507 -0.03915144 -0.04577882 ..., -0.01784344 -0.01628811
  0.00331427]","[-0.00369239 -0.00333453 -0.04401301 ..., -0.01344055  0.02016991
 -0.0053568 ]","[ 0.03426008  0.03130588 -0.03203977 ..., -0.07824329 -0.05536412
 -0.0323974 ]","[ 0.04833068 -0.05317362 -0.02328616 ...,  0.0082642  -0.06285018
  0.05059941]","[-0.05116566 -0.00667976 -0.001035   ..., -0.00131045 -0.02659798
 -0.00823719]","[ 0.01025167  0.02194131 -0.00117214 ..., -0.04956004 -0.02733374
 -0.01437655]","[-0.0094917  -0.02266775 -0.03148842 ..., -0.05913416 -0.00867585
 -0.0138876 ]","[ 0.00827072  0.0024018   0.00660759 ..., -0.02572812 -0.01263123
 -0.01544292]","[-0.00829121 -0.05718581 -0.00029723 ..., -0.02397907  0.01357932
  0.01637566]","[-0.1224407  -0.04072354 -0.06782724 ...,  0.03248309 -0.03007186
 -0.03807482]","[-0.06682885 -0.01989051 -0.03168587 ...,  0.00884162 -0.00873825
 -0.02206239]","[ 0.01561056 -0.05485374  0.02733374 ...,  0.02179789 -0.02148123
 -0.10340422]","[-0.07651473  0.00325304 -0.02281676 ..., -0.03876028  0.0082465
 -0.00229818]","[-0.14700931 -0.02558655 -0.0275703  ...,  0.03307542 -0.02130987
 -0.03494553]","[ 0.03927065 -0.06613594  0.03519886 ..., -0.02495884 -0.11200975
 -0.03870068]","[-0.10183957 -0.01212179 -0.06551008 ...,  0.00938273 -0.0019065
  0.00189206]","[ 0.03087654 -0.04443397 -0.02052568 ...,  0.02529598 -0.11104861
  0.00976458]","[-0.01080115 -0.0149903   0.00973757 ..., -0.03194664 -0.05834811
 -0.08335445]","[-0.05221993 -0.03212546 -0.06698531 ..., -0.00985492 -0.06083291
 -0.05859026]","[-0.02820733 -0.02170289 -0.01872634 ..., -0.01419773 -0.04554413
  0.00996388]","[ 0.02738776 -0.034573   -0.02073058 ..., -0.00410975  0.00466017
 -0.03905458]","[ 0.0215576  -0.05006296 -0.01100512 ..., -0.08553004 -0.04470592
 -0.13775557]","[-0.07500224  0.01341168 -0.0554945  ...,  0.02527549 -0.04917633
 -0.01697916]","[ 0.03120809 -0.04540256 -0.0603896  ..., -0.03820148 -0.02980364
 -0.03509455]","[ 0.05098685  0.00422477  0.01523803 ..., -0.00339809  0.01833146
 -0.09281681]","[-0.03332874 -0.05157545  0.00814499 ..., -0.02284471 -0.1152508
  0.02198974]","[ 0.0080146  -0.06643396 -0.06227462 ..., -0.0521715  -0.07889149
 -0.06141034]","[-0.00308702 -0.06028529 -0.06385603 ..., -0.0045186  -0.0768351
 -0.06926522]","[-0.05877653 -0.03130588 -0.05157545 ..., -0.01487295 -0.07941304
 -0.06505559]","[ 0.0013222   0.01625458  0.0320137  ...,  0.02681592 -0.09359913
  0.03388009]","[-0.01006819 -0.06135446  0.0029422  ..., -0.03735211 -0.0571858
  0.00467646]","[-0.01805578  0.01054969  0.03933026 ..., -0.0507149  -0.01512906
 -0.01779501]","[-0.05062176  0.01615772  0.00193595 ...,  0.00226978 -0.06175307
  0.02581939]","[-0.07005499 -0.04180389  0.01400401 ..., -0.01985885 -0.06708217
 -0.01265544]","[-0.05873927 -0.02690532  0.02684013 ..., -0.01985326 -0.02029844
  0.02892073]","[-0.06174935 -0.05695111 -0.00364909 ..., -0.04977984 -0.03046302
 -0.05790852]","[-0.06501088 -0.01324963  0.03957986 ...,  0.00356666  0.01981414
 -0.06717903]","[-0.03387636 -0.01116065 -0.02033569 ...,  0.03823874 -0.05711875
  0.04628174]","[-0.08494889  0.03047234  0.03236387 ..., -0.02961178 -0.09976084
  0.02526804]","[-0.04250052 -0.08187176 -0.04479906 ...,  0.00625508 -0.0855971
  0.01352903]","[ 0.03621215  0.00170591  0.00517985 ..., -0.04100666 -0.03145489
  0.03120809]","[-0.00675939 -0.05633643  0.02354321 ..., -0.0505249  -0.01226055
 -0.05781166]","[-0.0521268   0.0381158  -0.08651353 ..., -0.04174056  0.0130019
 -0.01772609]","[-0.09267525 -0.06299175  0.00699036 ..., -0.03211055 -0.09435165
 -0.06097075]","[-0.04964945  0.02920013 -0.02084979 ...,  0.04671761  0.03380558
 -0.01212737]","[-0.01443801 -0.05967433 -0.00855477 ...,  0.02274599 -0.01776334
  0.03022274]","[ 0.01285288 -0.04887458 -0.02493462 ...,  0.00030535 -0.10239092
 -0.00203438]","[ 0.00110183 -0.03019852 -0.01160303 ..., -0.02148496 -0.09305523
 -0.02185749]","[ -3.11168209e-02  -1.17408698e-02   3.94339213e-06 ...,   5.54912444e-03
  -3.21887881e-02  -1.02979526e-01]","[-0.05575527  0.00330403  0.02311479 ..., -0.05388516 -0.04828597
 -0.03308659]","[-0.02799126 -0.03195409 -0.07807191 ..., -0.07118004 -0.07557594
 -0.01186846]","[ 0.00069137 -0.04323069  0.07485323 ..., -0.00192047  0.01230246
 -0.02004698]","[-0.18967187 -0.03219996 -0.04766757 ..., -0.01770374  0.02117576
 -0.04444515]","[-0.02035059 -0.0590075   0.02632045 ..., -0.00872148 -0.05888084
  0.03102927]","[ 0.00359181 -0.05778186 -0.0058071  ...,  0.03068468 -0.04181879
 -0.04782031]","[-0.05398947 -0.0548612  -0.02152966 ...,  0.0086507  -0.01685623
  0.02838615]","[-0.09826325 -0.03794816 -0.03636489 ..., -0.02745295  0.04767129 -0.026218  ]","[-0.04115568 -0.00945444 -0.00846071 ..., -0.03558629 -0.00203159
  0.03093614]","[-0.04997355 -0.01198674 -0.0435846  ..., -0.01407945 -0.05463395
 -0.05717091]","[ 0.00553748 -0.07497244 -0.09514142 ..., -0.01228477 -0.06029646
  0.03610784]","[ 0.02035618 -0.02464405  0.00987541 ..., -0.02283725 -0.02517304
  0.01408597]","[ 0.03861127  0.0210286  -0.04517159 ..., -0.0350573  -0.05542    -0.07079261]","[-0.05183622 -0.05366164  0.02525686 ...,  0.01262377 -0.02016433
 -0.01209291]","[-0.0113674  -0.07516615 -0.01705739 ..., -0.0449816   0.00382441
 -0.00934455]","[-0.04494062 -0.02295647 -0.02195621 ..., -0.03612274 -0.02331224
  0.00670491]","[-0.02219277  0.00748956  0.03446124 ..., -0.00287515  0.00907725
 -0.04315991]","[ 0.04905711  0.01838361  0.0081366  ..., -0.04933279 -0.05470473
 -0.04314873]","[-0.05405652  0.03482633 -0.0303792  ...,  0.02627574 -0.06492893
  0.03545591]","[-0.00098413  0.00551886  0.02393996 ...,  0.01526038 -0.00612981
 -0.04380067]"
"[-0.12809949 -0.01678731 -0.01940622 ..., -0.01761806 -0.16737944
  0.00049876]","[ 0.05295382 -0.02614536 -0.05669033 ...,  0.00215872 -0.12330497
  0.01822342]"
-0.0903432,-0.0808138,-0.0534605,-0.109633,-0.0758218,-0.0429066,-0.0548053,-0.0756728,-0.0724988,-0.0633196,-0.103717,0.0227069,-0.0482301,-0.0459316,1.75917,-0.0447357,-0.0775504,-0.0249067,-0.0949105,-0.0774088,-0.0127272,-0.0414798,-0.00630397,-0.0782954,-0.0606839,-0.0409992,-0.0448326,-0.013231,-0.0398518,0.00136959,-0.106794,-0.0462221,-0.0888903,-0.1002,-0.0939717,-0.0452647,-0.0830713,-0.0343085,-0.0301464,-0.0473323,-0.119125,-0.023085,-0.0374192,-0.0771778,-0.0841442,-0.0102517,-0.0894491,-0.0148441,-0.106437,-0.083347,-0.0863869,-0.0987624,-0.118961,-0.0389764,-0.050767,-0.0657634,-0.00298109,-0.0345842,-0.0668139,-0.0463861,-0.0942473,-0.308324,-0.0630141,-0.0837791,-0.00573819,-0.0880409,-0.0454361,-0.0408316,-0.0364953,-0.0102694,-0.060397,-0.00494376,-0.109551,1.14436,-0.0480774,-0.0847552,-0.0235823,-0.305254,-0.224407,-0.032267,-0.0259498,-0.0510129,-0.0208945,-0.080322,-0.0434691,-0.0796366,-0.0473174,-0.183845,-0.0297664,-0.116227,-0.0569623,-0.0765371,-0.0100663,-0.103255,-0.0935395,-0.0907008,-0.0557068,-0.00832473,-0.0575695,-0.0439795,-0.0521529,-0.0227795,-0.081231,0.0140934,-0.0313804,-0.00964257,-0.445625,-0.0109446,-0.0512215,-0.0439646,-0.0511284,-0.02318,-0.075114,-0.21192,-0.0546787,-0.0473025,-0.133687,-0.0278031,-0.0301073,-0.0353851,-0.0808734,-0.0217774,-0.0038889,-0.0085585,-0.0451902,-0.0580352,-0.0457416,-0.0697868,-0.0188325,-0.0876907,-0.0375533,-0.155712,-0.00270099,-0.17565,-0.0872735,-0.0599724,-0.0588324,-0.0206691,-0.0519592,-0.00554819,-0.066203,-0.0579681,-0.0240685,-0.0762167,-0.0987103,-0.114595,-0.0632078,-0.0495414,-0.0810075,-0.0669406,-0.00195272,-0.06033,-0.0869308,-0.0676708,-0.0314549,-0.0932266,0.00304721,-0.0555206,-0.0532705,-0.029744,-0.0651375,-0.0219655,-0.0599686,-0.0290325,-0.073825,-0.0262329,-0.095812,-0.665822,-0.105125,-0.0125064,-0.0360892,0.0017987,-0.0149707,-0.100811,-0.0780421,-0.0612278,-0.0808883,-0.0719177,-0.0719773,-0.00114199,-0.0543583,-0.0840176,-0.0759112,-0.0215632,-0.0347965,-0.0381419,-0.0086535,-0.131139,0.00932406,-0.0700252,-0.105066,-0.116927,-0.0204717,-0.0899334,-0.00891054,-0.183994,-0.0720071,-0.00187053,-0.0745477,-0.0696974,-0.0772896,-0.167677,-0.0400344,-0.051121,-0.096639,-0.0276206,-0.054783,-0.0834513,-0.101676,-0.063938,-0.0740038,-0.111958,-0.0919451,-0.034845,-0.0912894,-0.0379854,-0.00587649,-0.0690864,-0.0472578,-0.0633866,-0.0449108,-0.0217942,-0.0637443,-0.0838909,-0.123678,-0.133419,0.0124589,-0.114685,-0.0267358,-0.0677304,0.974757,-0.0400157,-0.0617605,-0.0111644,-0.071344,-0.0275591,-0.0569697,-0.0799048,-0.107599,-0.0455814,-0.0913341,-0.00340391,-0.0797781,-0.0214235,-0.0406304,-0.0392409,-0.0241225,-0.0561464,-0.112703,-0.0373856,-0.0839803,-0.0364916,-0.0538256,-0.0733184,-0.0175901,-0.00482268,-0.0297776,-0.0254171,-0.0572752,-0.0644893,-0.0182849,-0.0264359,-0.00918622,-0.0270115,-0.0503498,-0.0607361,-0.0809926,-0.0748905,-0.0741454,-0.0765892,-0.0782209,0.0210193,-0.0335709,-0.112092,-0.0958865,-0.209386,-0.0555243,-0.0545036,-0.0122773,-0.0471386,-0.117896,-0.03182,0.0029145,-0.0382648,-0.0879068,-0.0301408,0.116927,-0.0788542,-0.0566568,-0.0261509,-0.0782582,-0.0364431,-0.0376799,-0.0564109,-0.0585493,-0.0390769,-0.211994,-0.0648395,-0.0700103,0.00937807
[ 0.00670491],[ 0.01657496],[-0.01134971],[ 0.01711514],[-0.00640782],[-0.00900461],[ 0.00041271],[-0.00205231],[-0.01905604],[-0.02346311],[-0.1372638],[-0.15864727],[-0.02408711],[ 0.02707483],[ 0.07119077],[ 0.03837657],[ 0.00281414],[ 0.00082653],[-0.12106232],[-0.00659594],[ 0.02279441],[ 0.01262936],[ 0.01778383],[-0.02210523],[-0.01503127],[-0.0095811],[ 0.03128726],[ 0.01775962],[ 0.02464591],[ 0.01078253],[ 0.00457122],[ 0.00247351],[ 0.00170999],[ 0.01262564],[ 0.01482079],[ 0.02699846],[ 0.0002402],[-0.01001324],[ 0.01650418],[-0.02878662],[-0.11753815],[ 0.00806862],[-0.02330851],[ 0.01728836],[ 0.00106725],[ 0.00241507],[-0.01225124],[ 0.00359693],[ 0.05283833],[-0.0171468],[-0.02442239],[-0.00679851],[ 0.06853504],[-0.01200816],[-0.00677662],[ 0.03041646],[-0.00159287],[-0.01760874],[ 0.01569206],[ 0.0072367],[ 0.01420425],[ 0.02353017],[-0.02315764],[-0.00874849],[-0.00496704],[-0.0336901],[-0.0134331],[ 0.01775217],[ 0.00921509],[ 0.01956082],[ 0.00223602],[ 0.00279971],[-0.00218177],[ 0.38917863],[ 0.00640735],[-0.01795893],[ 0.02266961],[-0.02658681],[-0.01605341],[-0.01419307],[-0.00530791],[ 0.01439145],[-0.02097086],[-0.02002276],[ 0.00538521],[-0.00474911],[ 0.01129942],[ 0.04983199],[ 0.00465691],[-0.02754422],[ 0.01200164],[ 0.02721453],[ 0.02461611],[-0.00524271],[-0.00077682],[-0.00681015],[-0.01267966],[ 0.00541315],[-0.02802665],[ 0.02872702],[ 0.00752821],[ 0.02494021],[-0.02311107],[-0.0015782],[-0.03133196],[ 0.01636262],[-0.29333311],[-0.00929519],[ 0.00133967],[ 0.027615],[-0.00839086],[-0.01718405],[-0.02627947],[ 0.03963946],[-0.00075878],[-0.01072106],[-0.00317876],[ 0.01013711],[ 0.00345141],[-0.01392764],[ 0.02987256],[ 0.01351972],[-0.01041372],[-0.01221399],[-0.00072234],[ 0.00686324],[ 0.00613726],[ 0.01705367],[ 0.02214062],[-0.01992218],[ 0.00012613],[ 0.04862498],[ 0.01346943],[ 0.00521943],[-0.01949376],[-0.00162291],[-0.01189268],[-0.02458816],[-0.01103957],[ 0.01752306],[-0.00852218],[ 0.02480237],[-0.01703132],[ 0.00870286],[ 0.00891799],[ 0.02391201],[ 0.02653652],[ 0.01350761],[-0.00254569],[ 0.03107025],[ 0.03781405],[ 0.01867605],[-0.01281004],[ 0.01582431],[ 0.00116027],[-0.0054667],[ 0.01372368],[ 0.00438076],[ 0.02806204],[-0.00610746],[-0.02298999],[ 0.00859761],[-0.00658011],[-0.03587687],[-0.01322076],[-0.00185667],[ 0.01725856],[ 0.05232424],[ 0.01066052],[-0.01190478],[ 0.00558219],[ 0.00545506],[ 0.00229795],[ 0.02917592],[ 0.02958198],[ 0.01506294],[-0.02401074],[ 0.01546062],[ 0.0079848],[-0.009352],[ 0.00144828],[ 0.0077047],[-0.0303941],[-0.01463732],[-0.02393064],[-0.00071879],[-0.01891634],[-0.02699473],[-0.01386804],[-0.02691836],[ 0.00056826],[ 0.02248707],[ 0.00069026],[-0.00123966],[-0.01654516],[-0.11011727],[ 0.00079917],[ 0.00283091],[ 0.01256231],[ 0.02483404],[-0.00032598],[-0.01266848],[-0.01150338],[-0.00354198],[-0.00796896],[-0.01611302],[-0.01665878],[-0.00170545],[ 0.07666374],[ 0.00822322],[-0.00744905],[-0.0055156],[ 0.00818224],[-0.01184984],[-0.00246908],[ 0.00180964],[ 0.02407221],[ 0.00343371],[-0.00247188],[ 0.018948],[-0.00251658],[-0.02050892],[ 0.00766838],[-0.00328261],[ 0.02579517],[-0.01705925],[ 0.00842625],[-0.02160976],[-0.02211081],[ 0.014289],[ 0.40512308],[-0.02936964],[ 0.0029124],[-0.00500616],[ 0.00430486],[ 0.00641573],[-0.00506902],[ 0.01987189],[-0.00695777],[-0.00544714],[ 0.00909681],[ 0.00077245],[-0.02602614],[ 0.03240113],[-0.00071308],[ 0.00729538],[-0.01493442],[-0.01114482],[ 0.00646882],[ 0.02584919],[ 0.00632213],[-0.01676682],[ 0.02611555],[-0.01256883],[ 0.01335115],[-0.00455865],[ 0.02429945],[-0.02130055],[-0.01087007],[ 0.00067461],[ 0.01358491],[-0.00818783],[-0.00223183],[-0.00306188],[ 0.02703757],[ 0.02743991],[ 0.00762088],[-0.00093451],[ 0.01818245],[-0.00404921],[ 0.01029916],[-0.16559128],[ 0.02919827],[ 0.02824458],[-0.02338674],[ 0.01896663],[-0.02420818],[-0.01965768],[ 0.02773235],[ 0.02677494],[ 0.00053269],[ 0.02242561],[-0.02026305],[ 0.01508064],[ 0.03161136],[-0.00218456],[-0.32036418],[ 0.02501285],[-0.00968821],[ 0.010098],[-0.00141627],[ 0.00241809],[ 0.00503037],[ 0.01256417],[ 0.01524828],[-0.03443889],[-0.02884622],[-0.01236114],[ 0.01682828],[-0.0062453]
-3.3513
